PATH 44 215
70.8 11.65 0
70.8 11.6 0
70.8 11.55 0
70.8 11.5 0
70.8 11.45 0
70.8 11.4 0
70.8 11.35 0
70.8 11.3 0
70.8 11.25 0
70.8 11.2 0
70.8 11.15 0
70.8 11.1 0
70.8 11.05 0
70.8 11 0
70.8 10.95 0
70.8 10.9 0
70.8 10.85 0
70.8 10.8 0
70.8 10.75 0
70.8 10.7 0
70.8 10.65 0
70.8 10.6 0
70.8 10.55 0
70.8 10.5 0
70.8 10.45 0
70.8 10.4 0
70.8 10.35 0
70.8 10.3 0
70.8 10.25 0
70.8 10.2 0
70.8 10.15 0
70.8 10.1 0
70.8 10.05 0
70.8 10 0
70.8 9.95 0
70.8 9.9 0
70.8 9.85 0
70.8 9.8 0
70.8 9.75 0
70.8 9.7 0
70.8 9.65 0
70.8 9.6 0
70.8 9.55 0
70.8 9.5 0
70.8 9.45 0
70.8 9.4 0
70.8 9.35 0
70.8 9.3 0
70.8 9.25 0
70.8 9.2 0
70.8 9.15 0
70.8 9.1 0
70.8 9.05 0
70.8 9 0
70.8 8.95 0
70.8 8.9 0
70.8 8.85 0
70.8 8.8 0
70.8 8.75 0
70.8 8.7 0
70.8 8.65 0
70.8 8.6 0
70.8 8.55 0
70.8 8.5 0
70.8 8.45 0
70.8 8.4 0
70.8 8.35 0
70.8 8.3 0
70.8 8.25 0
70.8 8.2 0
70.8 8.15 0
70.8 8.1 0
70.8 8.05 0
70.8 8 0
70.8 7.95 0
70.8 7.9 0
70.8 7.85 0
70.8 7.8 0
70.8 7.75 0
70.8 7.7 0
70.8 7.65 0
70.8 7.6 0
70.8 7.55 0
70.8 7.5 0
70.8 7.45 0
70.8 7.4 0
70.8 7.35 0
70.8 7.3 0
70.8 7.25 0
70.8 7.2 0
70.8 7.15 0
70.75 7.1 0
70.7 7.05 0
70.65 7 0
70.6 6.95 0
70.55 6.9 0
70.5 6.85 0
70.45 6.8 0
70.4 6.75 0
70.35 6.7 0
70.3 6.65 0
70.25 6.6 0
70.2 6.55 0
70.15 6.5 0
70.1 6.45 0
70.1 6.4 0
70.1 6.35 0
70.05 6.3 0
70 6.25 0
69.95 6.2 0
69.9 6.15 0
69.85 6.15 0
69.8 6.15 0
69.75 6.15 0
69.7 6.15 0
69.65 6.15 0
69.6 6.15 0
69.55 6.15 0
69.5 6.1 0
69.45 6.05 0
69.4 6 0
69.35 5.95 0
69.3 5.9 0
69.25 5.85 0
69.2 5.8 0
69.15 5.75 0
69.1 5.7 0
69.05 5.65 0
69 5.6 0
68.95 5.55 0
68.9 5.5 0
68.85 5.45 0
68.8 5.4 0
68.75 5.35 0
68.7 5.3 0
68.65 5.25 0
68.6 5.2 0
68.55 5.15 0
68.5 5.1 0
68.45 5.05 0
68.4 5 0
68.35 4.95 0
68.3 4.9 0
68.25 4.85 0
68.2 4.8 0
68.15 4.75 0
68.1 4.7 0
68.05 4.65 0
68 4.65 0
67.95 4.65 0
67.9 4.65 0
67.85 4.65 0
67.8 4.65 0
67.75 4.65 0
67.7 4.65 0
67.65 4.65 0
67.6 4.65 0
67.55 4.65 0
67.5 4.65 0
67.45 4.65 0
67.4 4.65 0
67.35 4.65 0
67.3 4.65 0
67.25 4.65 0
67.2 4.6 0
67.15 4.55 0
67.1 4.5 0
67.05 4.45 0
67 4.4 0
66.95 4.35 0
66.9 4.3 0
66.85 4.3 0
66.8 4.3 0
66.75 4.25 0
66.7 4.2 0
66.65 4.15 0
66.6 4.1 0
66.55 4.05 0
66.5 4 0
66.45 3.95 0
66.4 3.9 0
66.35 3.85 0
66.3 3.8 0
66.25 3.75 0
66.2 3.7 0
66.15 3.65 0
66.1 3.6 0
66.05 3.55 0
66 3.5 0
65.95 3.45 0
65.9 3.4 0
65.85 3.35 0
65.8 3.3 0
65.75 3.25 0
65.7 3.2 0
65.65 3.15 0
65.6 3.1 0
65.55 3.05 0
65.5 3 0
65.45 2.95 0
65.4 2.9 0
65.35 2.85 0
65.3 2.8 0
65.25 2.75 0
65.2 2.7 0
65.15 2.65 0
65.1 2.6 0
65.05 2.55 0
65 2.55 0
64.95 2.55 0
64.9 2.55 0
64.85 2.55 0
64.8 2.55 0
64.75 2.55 0
64.7 2.55 0
PATH 46 269
77.1 76 0
77.15 75.95 0
77.2 75.9 0
77.25 75.85 0
77.3 75.8 0
77.35 75.75 0
77.4 75.7 0
77.45 75.65 0
77.5 75.6 0
77.55 75.55 0
77.6 75.5 0
77.65 75.5 0
77.7 75.5 0
77.75 75.5 0
77.8 75.5 0
77.85 75.5 0
77.9 75.5 0
77.95 75.5 0
77.95 75.5 2
77.95 75.45 2
77.95 75.4 2
77.95 75.35 2
77.95 75.3 2
78 75.25 2
78.05 75.2 2
78.1 75.15 2
78.15 75.1 2
78.2 75.05 2
78.25 75 2
78.3 74.95 2
78.3 74.9 2
78.3 74.85 2
78.3 74.8 2
78.35 74.75 2
78.35 74.7 2
78.35 74.65 2
78.35 74.6 2
78.35 74.55 2
78.35 74.5 2
78.35 74.45 2
78.35 74.4 2
78.35 74.35 2
78.35 74.3 2
78.35 74.25 2
78.35 74.2 2
78.35 74.15 2
78.35 74.1 2
78.35 74.05 2
78.35 74 2
78.35 73.95 2
78.35 73.9 2
78.35 73.85 2
78.35 73.8 2
78.35 73.75 2
78.35 73.7 2
78.35 73.65 2
78.35 73.6 2
78.35 73.55 2
78.35 73.5 2
78.35 73.45 2
78.35 73.4 2
78.35 73.35 2
78.35 73.3 2
78.35 73.25 2
78.35 73.2 2
78.35 73.15 2
78.35 73.1 2
78.35 73.05 2
78.35 73 2
78.35 72.95 2
78.35 72.9 2
78.35 72.85 2
78.35 72.8 2
78.35 72.75 2
78.35 72.7 2
78.35 72.65 2
78.35 72.6 2
78.35 72.55 2
78.35 72.5 2
78.35 72.45 2
78.35 72.4 2
78.35 72.35 2
78.35 72.3 2
78.35 72.25 2
78.35 72.2 2
78.35 72.15 2
78.35 72.1 2
78.35 72.05 2
78.35 72 2
78.35 71.95 2
78.35 71.9 2
78.35 71.85 2
78.35 71.8 2
78.35 71.75 2
78.35 71.7 2
78.35 71.65 2
78.35 71.6 2
78.35 71.55 2
78.35 71.5 2
78.35 71.45 2
78.35 71.4 2
78.35 71.35 2
78.4 71.3 2
78.45 71.25 2
78.5 71.2 2
78.55 71.15 2
78.6 71.1 2
78.65 71.05 2
78.7 71 2
78.75 70.95 2
78.8 70.9 2
78.85 70.85 2
78.85 70.8 2
78.85 70.75 2
78.85 70.7 2
78.85 70.65 2
78.85 70.6 2
78.85 70.55 2
78.85 70.5 2
78.85 70.45 2
78.85 70.4 2
78.85 70.35 2
78.85 70.3 2
78.85 70.25 2
78.85 70.2 2
78.85 70.15 2
78.85 70.1 2
78.85 70.05 2
78.85 70 2
78.85 69.95 2
78.85 69.9 2
78.85 69.85 2
78.85 69.8 2
78.85 69.75 2
78.85 69.7 2
78.85 69.65 2
78.85 69.6 2
78.85 69.55 2
78.85 69.5 2
78.85 69.45 2
78.85 69.4 2
78.85 69.35 2
78.85 69.3 2
78.85 69.25 2
78.85 69.2 2
78.85 69.15 2
78.85 69.1 2
78.85 69.05 2
78.85 69 2
78.85 68.95 2
78.85 68.9 2
78.85 68.85 2
78.85 68.8 2
78.85 68.75 2
78.85 68.7 2
78.85 68.65 2
78.85 68.6 2
78.85 68.55 2
78.85 68.5 2
78.85 68.45 2
78.85 68.4 2
78.85 68.35 2
78.85 68.3 2
78.85 68.25 2
78.85 68.2 2
78.9 68.15 2
78.95 68.1 2
79 68.05 2
79.05 68 2
79.1 67.95 2
79.1 67.9 2
79.1 67.85 2
79.1 67.8 2
79.1 67.75 2
79.1 67.7 2
79.1 67.65 2
79.1 67.6 2
79.1 67.55 2
79.1 67.5 2
79.1 67.45 2
79.1 67.4 2
79.1 67.35 2
79.1 67.3 2
79.1 67.25 2
79.1 67.2 2
79.1 67.15 2
79.1 67.1 2
79.1 67.05 2
79.1 67 2
79.1 66.95 2
79.1 66.9 2
79.1 66.85 2
79.1 66.8 2
79.1 66.75 2
79.1 66.7 2
79.1 66.65 2
79.1 66.6 2
79.1 66.55 2
79.1 66.5 2
79.1 66.45 2
79.1 66.4 2
79.1 66.35 2
79.1 66.3 2
79.1 66.25 2
79.1 66.2 2
79.1 66.15 2
79.1 66.1 2
79.1 66.05 2
79.1 66 2
79.1 65.95 2
79.1 65.9 2
79.1 65.85 2
79.1 65.8 2
79.1 65.75 2
79.1 65.7 2
79.1 65.65 2
79.1 65.6 2
79.1 65.55 2
79.1 65.5 2
79.1 65.45 2
79.1 65.4 2
79.1 65.35 2
79.1 65.3 2
79.1 65.25 2
79.1 65.2 2
79.1 65.15 2
79.1 65.1 2
79.15 65.05 2
79.2 65 2
79.2 65 0
79.25 64.95 0
79.3 64.9 0
79.35 64.85 0
79.4 64.8 0
79.45 64.75 0
79.5 64.7 0
79.55 64.65 0
79.6 64.6 0
79.6 64.55 0
79.6 64.5 0
79.6 64.45 0
79.65 64.4 0
79.65 64.35 0
79.65 64.3 0
79.65 64.25 0
79.65 64.2 0
79.65 64.15 0
79.65 64.1 0
79.65 64.05 0
79.65 64 0
79.65 63.95 0
79.65 63.9 0
79.6 63.85 0
79.55 63.8 0
79.5 63.75 0
79.45 63.7 0
79.4 63.65 0
79.35 63.6 0
79.3 63.55 0
79.25 63.5 0
79.2 63.45 0
79.15 63.4 0
79.15 63.35 0
79.15 63.3 0
79.15 63.25 0
79.15 63.2 0
79.15 63.15 0
79.15 63.1 0
79.15 63.05 0
