PATH 4 104
33.15 69.95 0
33.2 70 0
33.2 70 2
33.2 70.05 2
33.2 70.1 2
33.2 70.15 2
33.2 70.2 2
33.2 70.25 2
33.25 70.3 2
33.3 70.35 2
33.35 70.4 2
33.4 70.45 2
33.45 70.5 2
33.5 70.55 2
33.55 70.6 2
33.6 70.65 2
33.65 70.7 2
33.7 70.75 2
33.75 70.8 2
33.8 70.85 2
33.85 70.9 2
33.9 70.95 2
33.95 71 2
34 71.05 2
34.05 71.1 2
34.1 71.15 2
34.15 71.2 2
34.2 71.25 2
34.25 71.3 2
34.3 71.35 2
34.35 71.4 2
34.4 71.45 2
34.45 71.5 2
34.5 71.55 2
34.55 71.6 2
34.6 71.65 2
34.65 71.7 2
34.7 71.75 2
34.75 71.8 2
34.8 71.85 2
34.85 71.9 2
34.9 71.95 2
34.95 72 2
35 72.05 2
35.05 72.1 2
35.1 72.15 2
35.15 72.2 2
35.2 72.25 2
35.25 72.3 2
35.3 72.35 2
35.35 72.4 2
35.4 72.45 2
35.45 72.5 2
35.5 72.55 2
35.55 72.6 2
35.6 72.65 2
35.65 72.7 2
35.7 72.75 2
35.75 72.8 2
35.8 72.85 2
35.85 72.9 2
35.9 72.95 2
35.95 73 2
36 73.05 2
36.05 73.1 2
36.1 73.15 2
36.15 73.2 2
36.2 73.25 2
36.25 73.3 2
36.3 73.35 2
36.35 73.4 2
36.4 73.45 2
36.45 73.5 2
36.5 73.55 2
36.55 73.6 2
36.6 73.65 2
36.65 73.7 2
36.7 73.75 2
36.75 73.8 2
36.8 73.85 2
36.85 73.9 2
36.9 73.95 2
36.95 74 2
37 74.05 2
37.05 74.1 2
37.1 74.15 2
37.15 74.2 2
37.2 74.25 2
37.25 74.3 2
37.3 74.35 2
37.35 74.4 2
37.4 74.45 2
37.45 74.5 2
37.5 74.55 2
37.55 74.6 2
37.6 74.65 2
37.65 74.7 2
37.7 74.75 2
37.75 74.8 2
37.8 74.85 2
37.85 74.9 2
37.9 74.95 2
37.95 75 2
37.95 75 0
PATH 15 354
67.15 75 0
67.2 75 0
67.25 75 0
67.3 75 0
67.35 74.95 0
67.4 74.9 0
67.45 74.85 0
67.5 74.8 0
67.55 74.75 0
67.6 74.7 0
67.65 74.65 0
67.7 74.6 0
67.75 74.55 0
67.8 74.5 0
67.85 74.45 0
67.9 74.4 0
67.95 74.35 0
68 74.3 0
68.05 74.25 0
68.1 74.2 0
68.15 74.2 0
68.2 74.2 0
68.25 74.2 0
68.3 74.2 0
68.35 74.2 0
68.4 74.2 0
68.45 74.2 0
68.5 74.2 0
68.55 74.2 0
68.6 74.2 0
68.65 74.2 0
68.7 74.2 0
68.75 74.2 0
68.8 74.2 0
68.85 74.2 0
68.9 74.2 0
68.95 74.2 0
69 74.2 0
69.05 74.2 0
69.1 74.15 0
69.15 74.15 0
69.2 74.15 0
69.25 74.15 0
69.3 74.15 0
69.35 74.15 0
69.4 74.15 0
69.45 74.15 0
69.5 74.15 0
69.55 74.15 0
69.6 74.15 0
69.65 74.15 0
69.7 74.15 0
69.75 74.15 0
69.8 74.15 0
69.85 74.15 0
69.9 74.15 0
69.95 74.15 0
70 74.15 0
70.05 74.15 0
70.1 74.15 0
70.15 74.15 0
70.2 74.15 0
70.25 74.15 0
70.3 74.15 0
70.35 74.15 0
70.4 74.15 0
70.45 74.2 0
70.5 74.25 0
70.55 74.3 0
70.6 74.35 0
70.65 74.4 0
70.7 74.45 0
70.75 74.5 0
70.8 74.55 0
70.8 74.6 0
70.8 74.65 0
70.85 74.7 0
70.9 74.75 0
70.95 74.8 0
71 74.8 0
71.05 74.8 0
71.1 74.8 0
71.15 74.8 0
71.2 74.8 0
71.25 74.8 0
71.3 74.8 0
71.35 74.8 0
71.4 74.8 0
71.45 74.8 0
71.5 74.8 0
71.55 74.8 0
71.6 74.8 0
71.65 74.8 0
71.7 74.8 0
71.75 74.8 0
71.8 74.8 0
71.85 74.8 0
71.9 74.8 0
71.95 74.8 0
72 74.8 0
72.05 74.8 0
72.1 74.8 0
72.15 74.8 0
72.2 74.8 0
72.25 74.8 0
72.3 74.8 0
72.35 74.8 0
72.4 74.8 0
72.45 74.8 0
72.5 74.8 0
72.55 74.8 0
72.6 74.8 0
72.65 74.8 0
72.7 74.8 0
72.75 74.8 0
72.8 74.8 0
72.85 74.8 0
72.9 74.8 0
72.95 74.8 0
73 74.8 0
73.05 74.8 0
73.1 74.8 0
73.15 74.8 0
73.2 74.8 0
73.25 74.8 0
73.3 74.8 0
73.35 74.8 0
73.4 74.8 0
73.45 74.8 0
73.5 74.8 0
73.55 74.8 0
73.6 74.8 0
73.65 74.8 0
73.7 74.8 0
73.75 74.8 0
73.8 74.8 0
73.85 74.8 0
73.9 74.8 0
73.95 74.8 0
74 74.8 0
74.05 74.8 0
74.1 74.8 0
74.15 74.8 0
74.2 74.8 0
74.25 74.8 0
74.3 74.8 0
74.35 74.8 0
74.4 74.8 0
74.45 74.8 0
74.5 74.8 0
74.55 74.8 0
74.6 74.8 0
74.65 74.8 0
74.7 74.8 0
74.75 74.8 0
74.8 74.8 0
74.85 74.8 0
74.9 74.8 0
74.95 74.8 0
75 74.8 0
75.05 74.8 0
75.1 74.8 0
75.15 74.8 0
75.2 74.8 0
75.25 74.8 0
75.3 74.8 0
75.35 74.8 0
75.4 74.8 0
75.45 74.8 0
75.5 74.8 0
75.55 74.8 0
75.6 74.8 0
75.65 74.8 0
75.7 74.8 0
75.75 74.8 0
75.8 74.8 0
75.85 74.8 0
75.9 74.8 0
75.95 74.8 0
76 74.8 0
76.05 74.8 0
76.1 74.8 0
76.15 74.8 0
76.2 74.8 0
76.25 74.8 0
76.3 74.8 0
76.35 74.8 0
76.4 74.8 0
76.45 74.8 0
76.5 74.8 0
76.55 74.8 0
76.6 74.8 0
76.65 74.8 0
76.7 74.8 0
76.75 74.8 0
76.8 74.8 0
76.85 74.8 0
76.9 74.8 0
76.95 74.8 0
77 74.8 0
77.05 74.8 0
77.1 74.8 0
77.15 74.8 0
77.2 74.8 0
77.25 74.8 0
77.3 74.8 0
77.35 74.8 0
77.4 74.8 0
77.45 74.8 0
77.5 74.8 0
77.55 74.8 0
77.6 74.8 0
77.65 74.8 0
77.7 74.8 0
77.75 74.8 0
77.8 74.8 0
77.85 74.8 0
77.9 74.8 0
77.95 74.8 0
78 74.8 0
78.05 74.8 0
78.1 74.8 0
78.15 74.8 0
78.2 74.8 0
78.25 74.8 0
78.3 74.8 0
78.35 74.8 0
78.4 74.8 0
78.45 74.8 0
78.5 74.8 0
78.55 74.8 0
78.6 74.8 0
78.65 74.8 0
78.7 74.8 0
78.75 74.8 0
78.8 74.8 0
78.85 74.8 0
78.9 74.8 0
78.95 74.8 0
79 74.8 0
79.05 74.8 0
79.1 74.8 0
79.15 74.8 0
79.2 74.8 0
79.25 74.8 0
79.3 74.8 0
79.35 74.8 0
79.4 74.8 0
79.45 74.8 0
79.5 74.8 0
79.55 74.8 0
79.6 74.8 0
79.65 74.8 0
79.7 74.8 0
79.75 74.8 0
79.8 74.8 0
79.85 74.8 0
79.9 74.8 0
79.95 74.8 0
80 74.8 0
80.05 74.8 0
80.1 74.8 0
80.15 74.8 0
80.2 74.8 0
80.25 74.8 0
80.3 74.8 0
80.35 74.8 0
80.4 74.8 0
80.45 74.8 0
80.5 74.8 0
80.55 74.8 0
80.6 74.8 0
80.65 74.8 0
80.7 74.8 0
80.75 74.8 0
80.8 74.8 0
80.85 74.8 0
80.9 74.8 0
80.95 74.8 0
81 74.8 0
81.05 74.8 0
81.1 74.8 0
81.15 74.8 0
81.2 74.8 0
81.25 74.8 0
81.3 74.8 0
81.35 74.8 0
81.4 74.8 0
81.45 74.8 0
81.5 74.8 0
81.55 74.8 0
81.6 74.8 0
81.65 74.8 0
81.7 74.8 0
81.75 74.8 0
81.8 74.8 0
81.85 74.8 0
81.9 74.8 0
81.95 74.8 0
82 74.8 0
82.05 74.8 0
82.1 74.8 0
82.15 74.8 0
82.2 74.8 0
82.25 74.8 0
82.3 74.8 0
82.35 74.8 0
82.4 74.8 0
82.45 74.8 0
82.5 74.8 0
82.55 74.8 0
82.6 74.8 0
82.65 74.8 0
82.7 74.8 0
82.75 74.8 0
82.8 74.8 0
82.85 74.8 0
82.9 74.8 0
82.95 74.8 0
83 74.8 0
83.05 74.8 0
83.1 74.8 0
83.15 74.8 0
83.2 74.8 0
83.25 74.8 0
83.3 74.8 0
83.35 74.8 0
83.4 74.8 0
83.45 74.8 0
83.5 74.8 0
83.55 74.85 0
83.6 74.9 0
83.65 74.95 0
83.7 75 0
83.75 75.05 0
83.8 75.1 0
83.85 75.15 0
83.9 75.2 0
83.95 75.25 0
84 75.3 0
84.05 75.35 0
84.1 75.4 0
84.15 75.45 0
84.2 75.5 0
84.25 75.55 0
84.3 75.6 0
84.35 75.65 0
84.4 75.7 0
84.45 75.75 0
84.5 75.8 0
84.55 75.85 0
84.6 75.9 0
84.65 75.95 0
84.7 76 0
PATH 44 711
47.25 7.5 0
47.25 7.55 0
47.25 7.6 0
47.25 7.65 0
47.25 7.7 0
47.25 7.75 0
47.25 7.8 0
47.25 7.85 0
47.25 7.9 0
47.25 7.95 0
47.25 8 0
47.25 8.05 0
47.25 8.1 0
47.25 8.15 0
47.25 8.2 0
47.25 8.25 0
47.25 8.3 0
47.25 8.35 0
47.25 8.4 0
47.25 8.45 0
47.2 8.45 0
47.15 8.45 0
47.1 8.45 0
47.05 8.5 0
47 8.5 0
46.95 8.55 0
46.9 8.55 0
46.85 8.55 0
46.8 8.6 0
46.75 8.65 0
46.75 8.65 2
46.75 8.6 2
46.75 8.55 2
46.75 8.5 2
46.7 8.45 2
46.65 8.4 2
46.6 8.35 2
46.55 8.3 2
46.5 8.25 2
46.45 8.2 2
46.4 8.15 2
46.35 8.1 2
46.3 8.05 2
46.25 8 2
46.2 8 2
46.15 8 2
46.1 8 2
46.05 8 2
46 7.95 2
45.95 7.9 2
45.9 7.85 2
45.85 7.8 2
45.8 7.75 2
45.75 7.7 2
45.7 7.65 2
45.65 7.6 2
45.6 7.55 2
45.55 7.5 2
45.5 7.45 2
45.45 7.4 2
45.4 7.35 2
45.35 7.3 2
45.3 7.25 2
45.25 7.2 2
45.2 7.15 2
45.15 7.1 2
45.1 7.05 2
45.1 7 2
45.1 6.95 2
45.1 6.9 2
45.1 6.85 2
45.1 6.8 2
45.1 6.75 2
45.1 6.7 2
45.1 6.65 2
45.1 6.6 2
45.1 6.55 2
45.1 6.5 2
45.1 6.45 2
45.1 6.4 2
45.1 6.35 2
45.1 6.3 2
45.1 6.25 2
45.1 6.2 2
45.1 6.15 2
45.1 6.1 2
45.1 6.05 2
45.1 6 2
45.1 5.95 2
45.1 5.9 2
45.1 5.85 2
45.1 5.8 2
45.1 5.75 2
45.15 5.7 2
45.2 5.65 2
45.25 5.6 2
45.3 5.55 2
45.35 5.5 2
45.4 5.45 2
45.45 5.4 2
45.5 5.35 2
45.55 5.3 2
45.6 5.25 2
45.65 5.2 2
45.7 5.15 2
45.75 5.1 2
45.8 5.05 2
45.85 5 2
45.9 4.95 2
45.95 4.9 2
46 4.85 2
46.05 4.8 2
46.1 4.75 2
46.15 4.7 2
46.2 4.65 2
46.25 4.6 2
46.3 4.55 2
46.3 4.5 2
46.3 4.45 2
46.3 4.4 2
46.3 4.35 2
46.3 4.3 2
46.3 4.25 2
46.35 4.25 2
46.4 4.25 2
46.45 4.25 2
46.5 4.25 2
46.55 4.25 2
46.6 4.25 2
46.65 4.25 2
46.7 4.25 2
46.75 4.25 2
46.8 4.25 2
46.85 4.25 2
46.9 4.25 2
46.95 4.25 2
47 4.25 2
47.05 4.25 2
47.1 4.25 2
47.15 4.25 2
47.2 4.25 2
47.25 4.25 2
47.3 4.25 2
47.35 4.25 2
47.4 4.25 2
47.45 4.25 2
47.5 4.25 2
47.55 4.25 2
47.6 4.25 2
47.65 4.25 2
47.7 4.25 2
47.75 4.25 2
47.8 4.25 2
47.85 4.25 2
47.9 4.25 2
47.95 4.25 2
48 4.25 2
48.05 4.25 2
48.1 4.25 2
48.15 4.25 2
48.2 4.25 2
48.25 4.25 2
48.3 4.25 2
48.35 4.25 2
48.4 4.25 2
48.45 4.25 2
48.5 4.25 2
48.55 4.25 2
48.6 4.25 2
48.65 4.25 2
48.7 4.25 2
48.75 4.25 2
48.8 4.25 2
48.85 4.25 2
48.9 4.25 2
48.95 4.25 2
49 4.25 2
49.05 4.25 2
49.1 4.25 2
49.15 4.25 2
49.2 4.25 2
49.25 4.25 2
49.3 4.25 2
49.35 4.25 2
49.4 4.25 2
49.45 4.25 2
49.5 4.25 2
49.55 4.25 2
49.6 4.25 2
49.65 4.25 2
49.7 4.25 2
49.75 4.25 2
49.8 4.25 2
49.85 4.25 2
49.9 4.25 2
49.95 4.25 2
50 4.25 2
50.05 4.25 2
50.1 4.25 2
50.15 4.25 2
50.2 4.25 2
50.25 4.25 2
50.3 4.25 2
50.35 4.25 2
50.4 4.25 2
50.45 4.25 2
50.5 4.25 2
50.55 4.25 2
50.6 4.25 2
50.65 4.25 2
50.7 4.25 2
50.75 4.25 2
50.8 4.25 2
50.85 4.25 2
50.9 4.25 2
50.95 4.25 2
51 4.25 2
51.05 4.25 2
51.1 4.25 2
51.15 4.25 2
51.2 4.25 2
51.25 4.25 2
51.3 4.25 2
51.35 4.25 2
51.4 4.25 2
51.45 4.25 2
51.5 4.25 2
51.55 4.25 2
51.6 4.25 2
51.65 4.25 2
51.7 4.25 2
51.75 4.25 2
51.8 4.25 2
51.85 4.25 2
51.9 4.25 2
51.95 4.25 2
52 4.25 2
52.05 4.25 2
52.1 4.25 2
52.15 4.25 2
52.2 4.25 2
52.25 4.25 2
52.3 4.25 2
52.35 4.25 2
52.4 4.25 2
52.45 4.25 2
52.5 4.25 2
52.55 4.25 2
52.6 4.25 2
52.65 4.25 2
52.7 4.25 2
52.75 4.25 2
52.8 4.25 2
52.85 4.25 2
52.9 4.25 2
52.95 4.25 2
53 4.25 2
53.05 4.25 2
53.1 4.25 2
53.15 4.25 2
53.2 4.25 2
53.25 4.25 2
53.3 4.25 2
53.35 4.25 2
53.4 4.25 2
53.45 4.25 2
53.5 4.25 2
53.55 4.25 2
53.6 4.25 2
53.65 4.25 2
53.7 4.25 2
53.75 4.25 2
53.8 4.25 2
53.85 4.25 2
53.9 4.25 2
53.95 4.25 2
54 4.25 2
54.05 4.25 2
54.1 4.25 2
54.15 4.25 2
54.2 4.25 2
54.25 4.25 2
54.3 4.25 2
54.35 4.25 2
54.4 4.25 2
54.45 4.25 2
54.5 4.25 2
54.55 4.25 2
54.6 4.25 2
54.65 4.25 2
54.7 4.25 2
54.75 4.25 2
54.8 4.25 2
54.85 4.25 2
54.9 4.25 2
54.95 4.25 2
55 4.25 2
55.05 4.25 2
55.1 4.25 2
55.15 4.25 2
55.2 4.25 2
55.25 4.25 2
55.3 4.25 2
55.35 4.25 2
55.4 4.25 2
55.45 4.25 2
55.5 4.25 2
55.55 4.25 2
55.6 4.25 2
55.65 4.25 2
55.7 4.25 2
55.75 4.25 2
55.8 4.25 2
55.85 4.25 2
55.9 4.25 2
55.95 4.25 2
56 4.25 2
56.05 4.25 2
56.1 4.25 2
56.15 4.25 2
56.2 4.25 2
56.25 4.25 2
56.3 4.25 2
56.35 4.25 2
56.4 4.25 2
56.45 4.25 2
56.5 4.25 2
56.55 4.25 2
56.6 4.25 2
56.65 4.25 2
56.7 4.25 2
56.75 4.25 2
56.8 4.25 2
56.85 4.25 2
56.9 4.25 2
56.95 4.25 2
57 4.25 2
57.05 4.25 2
57.1 4.25 2
57.15 4.25 2
57.2 4.25 2
57.25 4.25 2
57.3 4.25 2
57.35 4.25 2
57.4 4.25 2
57.45 4.25 2
57.5 4.25 2
57.55 4.25 2
57.6 4.25 2
57.65 4.25 2
57.7 4.25 2
57.75 4.25 2
57.8 4.25 2
57.85 4.25 2
57.9 4.25 2
57.95 4.25 2
58 4.25 2
58.05 4.25 2
58.1 4.25 2
58.15 4.25 2
58.2 4.25 2
58.25 4.25 2
58.3 4.25 2
58.35 4.25 2
58.4 4.25 2
58.45 4.25 2
58.5 4.25 2
58.55 4.25 2
58.6 4.25 2
58.65 4.25 2
58.7 4.25 2
58.75 4.25 2
58.8 4.25 2
58.85 4.25 2
58.9 4.25 2
58.95 4.25 2
59 4.25 2
59.05 4.25 2
59.1 4.25 2
59.15 4.25 2
59.2 4.25 2
59.25 4.25 2
59.3 4.25 2
59.35 4.25 2
59.4 4.25 2
59.45 4.25 2
59.5 4.25 2
59.55 4.2 2
59.6 4.15 2
59.65 4.1 2
59.7 4.05 2
59.75 4 2
59.8 3.95 2
59.85 3.9 2
59.9 3.85 2
59.95 3.8 2
60 3.75 2
60.05 3.7 2
60.1 3.65 2
60.15 3.6 2
60.2 3.55 2
60.25 3.5 2
60.3 3.45 2
60.35 3.4 2
60.4 3.35 2
60.45 3.3 2
60.5 3.25 2
60.55 3.2 2
60.6 3.15 2
60.65 3.1 2
60.7 3.05 2
60.75 3 2
60.8 2.95 2
60.85 2.9 2
60.9 2.85 2
60.95 2.8 2
61 2.75 2
61.05 2.7 2
61.1 2.65 2
61.15 2.6 2
61.2 2.55 2
61.25 2.5 2
61.3 2.45 2
61.35 2.4 2
61.4 2.35 2
61.45 2.3 2
61.45 2.3 0
61.5 2.35 0
61.55 2.4 0
61.6 2.45 0
61.65 2.5 0
61.7 2.5 0
61.75 2.5 0
61.8 2.5 0
61.85 2.5 0
61.9 2.5 0
61.95 2.5 0
62 2.5 0
62.05 2.5 0
62.1 2.5 0
62.15 2.5 0
62.2 2.5 0
62.25 2.5 0
62.3 2.5 0
62.35 2.5 0
62.4 2.5 0
62.45 2.5 0
62.5 2.5 0
62.55 2.5 0
62.6 2.5 0
62.65 2.5 0
62.7 2.5 0
62.75 2.5 0
62.8 2.5 0
62.85 2.5 0
62.9 2.5 0
62.95 2.5 0
63 2.5 0
63.05 2.5 0
63.1 2.5 0
63.15 2.5 0
63.2 2.5 0
63.25 2.5 0
63.3 2.5 0
63.35 2.5 0
63.4 2.5 0
63.45 2.5 0
63.5 2.5 0
63.55 2.5 0
63.6 2.5 0
63.65 2.5 0
63.7 2.5 0
63.75 2.5 0
63.8 2.5 0
63.85 2.5 0
63.9 2.5 0
63.95 2.5 0
64 2.5 0
64.05 2.5 0
64.1 2.5 0
64.15 2.5 0
64.2 2.5 0
64.25 2.5 0
64.3 2.5 0
64.35 2.5 0
64.4 2.5 0
64.45 2.5 0
64.5 2.5 0
64.55 2.55 0
64.6 2.55 0
64.65 2.55 0
64.7 2.55 0
64.75 2.6 0
64.8 2.65 0
64.85 2.7 0
64.9 2.75 0
64.95 2.8 0
65 2.85 0
65.05 2.9 0
65.1 2.95 0
65.15 3 0
65.2 3.05 0
65.25 3.1 0
65.3 3.15 0
65.35 3.2 0
65.4 3.25 0
65.45 3.3 0
65.5 3.35 0
65.55 3.4 0
65.6 3.45 0
65.65 3.5 0
65.7 3.55 0
65.75 3.6 0
65.8 3.65 0
65.85 3.7 0
65.9 3.75 0
65.95 3.8 0
66 3.85 0
66.05 3.9 0
66.1 3.95 0
66.15 4 0
66.2 4.05 0
66.25 4.1 0
66.3 4.15 0
66.35 4.2 0
66.4 4.25 0
66.45 4.3 0
66.5 4.35 0
66.55 4.4 0
66.6 4.45 0
66.65 4.5 0
66.7 4.55 0
66.75 4.6 0
66.8 4.65 0
66.85 4.7 0
66.9 4.75 0
66.95 4.8 0
67 4.85 0
67.05 4.9 0
67.1 4.95 0
67.15 5 0
67.2 5.05 0
67.25 5.1 0
67.3 5.15 0
67.35 5.2 0
67.4 5.25 0
67.45 5.3 0
67.5 5.35 0
67.55 5.4 0
67.6 5.45 0
67.65 5.5 0
67.7 5.55 0
67.75 5.6 0
67.8 5.65 0
67.85 5.7 0
67.9 5.75 0
67.95 5.8 0
68 5.85 0
68.05 5.9 0
68.1 5.95 0
68.15 6 0
68.2 6.05 0
68.25 6.1 0
68.3 6.15 0
68.35 6.2 0
68.4 6.25 0
68.45 6.3 0
68.5 6.35 0
68.55 6.4 0
68.6 6.45 0
68.65 6.5 0
68.7 6.55 0
68.75 6.6 0
68.8 6.65 0
68.85 6.7 0
68.9 6.75 0
68.95 6.8 0
69 6.85 0
69.05 6.9 0
69.1 6.95 0
69.15 7 0
69.2 7.05 0
69.25 7.1 0
69.3 7.15 0
69.35 7.15 0
69.4 7.15 0
69.45 7.15 0
69.5 7.15 0
69.55 7.15 0
69.6 7.15 0
69.65 7.15 0
69.7 7.15 0
69.75 7.15 0
69.8 7.15 0
69.85 7.15 0
69.9 7.15 0
69.95 7.15 0
70 7.15 0
70.05 7.15 0
70.1 7.15 0
70.15 7.15 0
70.2 7.15 0
70.25 7.15 0
70.3 7.15 0
70.35 7.15 0
70.4 7.15 0
70.45 7.15 0
70.5 7.15 0
70.55 7.15 0
70.6 7.15 0
70.65 7.15 0
70.7 7.15 0
70.75 7.15 0
70.8 7.15 0
70.8 7.2 0
70.8 7.25 0
70.8 7.3 0
70.8 7.35 0
70.8 7.4 0
70.8 7.45 0
70.8 7.5 0
70.8 7.55 0
70.8 7.6 0
70.8 7.65 0
70.8 7.7 0
70.8 7.75 0
70.8 7.8 0
70.8 7.85 0
70.8 7.9 0
70.8 7.95 0
70.8 8 0
70.8 8.05 0
70.8 8.1 0
70.8 8.15 0
70.8 8.2 0
70.8 8.25 0
70.8 8.3 0
70.8 8.35 0
70.8 8.4 0
70.8 8.45 0
70.8 8.5 0
70.8 8.55 0
70.8 8.6 0
70.8 8.65 0
70.8 8.7 0
70.8 8.75 0
70.8 8.8 0
70.8 8.85 0
70.8 8.9 0
70.8 8.95 0
70.8 9 0
70.8 9.05 0
70.8 9.1 0
70.8 9.15 0
70.8 9.2 0
70.8 9.25 0
70.8 9.3 0
70.8 9.35 0
70.8 9.4 0
70.8 9.45 0
70.8 9.5 0
70.8 9.55 0
70.8 9.6 0
70.8 9.65 0
70.8 9.7 0
70.8 9.75 0
70.8 9.8 0
70.8 9.85 0
70.8 9.9 0
70.8 9.95 0
70.8 10 0
70.8 10.05 0
70.8 10.1 0
70.8 10.15 0
70.8 10.2 0
70.8 10.25 0
70.8 10.3 0
70.8 10.35 0
70.8 10.4 0
70.8 10.45 0
70.8 10.5 0
70.8 10.55 0
70.8 10.6 0
70.8 10.65 0
70.8 10.7 0
70.8 10.75 0
70.8 10.8 0
70.8 10.85 0
70.8 10.9 0
70.8 10.95 0
70.8 11 0
70.8 11.05 0
70.8 11.1 0
70.8 11.15 0
70.8 11.2 0
70.8 11.25 0
70.8 11.3 0
70.8 11.35 0
70.8 11.4 0
70.8 11.45 0
70.8 11.5 0
70.8 11.55 0
70.8 11.6 0
70.8 11.65 0
70.85 11.7 0
70.9 11.75 0
70.95 11.8 0
71 11.85 0
71.05 11.9 0
71.1 11.95 0
71.15 12 0
PATH 44 81
71.15 12 0
71.2 11.95 0
71.25 11.9 0
71.3 11.85 0
71.35 11.8 0
71.4 11.75 0
71.45 11.7 0
71.5 11.65 0
71.55 11.6 0
71.6 11.55 0
71.65 11.5 0
71.7 11.45 0
71.75 11.4 0
71.75 11.35 0
71.8 11.3 0
71.85 11.25 0
71.9 11.2 0
71.95 11.15 0
72 11.1 0
72 11.05 0
72.05 11 0
72.1 10.95 0
72.15 10.9 0
72.2 10.85 0
72.25 10.8 0
72.3 10.75 0
72.35 10.7 0
72.4 10.65 0
72.45 10.6 0
72.5 10.55 0
72.55 10.5 0
72.6 10.45 0
72.65 10.4 0
72.7 10.35 0
72.75 10.3 0
72.8 10.25 0
72.85 10.2 0
72.9 10.15 0
72.95 10.1 0
73 10.05 0
73.05 10 0
73.1 9.95 0
73.15 9.9 0
73.15 9.85 0
73.2 9.8 0
73.25 9.75 0
73.3 9.7 0
73.35 9.65 0
73.4 9.6 0
73.45 9.55 0
73.5 9.5 0
73.55 9.45 0
73.6 9.4 0
73.65 9.35 0
73.7 9.3 0
73.75 9.25 0
73.8 9.2 0
73.85 9.15 0
73.9 9.1 0
73.95 9.05 0
74 9 0
74.05 8.95 0
74.1 8.9 0
74.15 8.85 0
74.2 8.8 0
74.25 8.75 0
74.3 8.7 0
74.35 8.65 0
74.4 8.6 0
74.45 8.55 0
74.5 8.5 0
74.55 8.45 0
74.6 8.4 0
74.65 8.35 0
74.7 8.3 0
74.75 8.25 0
74.8 8.2 0
74.85 8.15 0
74.9 8.1 0
74.95 8.05 0
75 8 0
PATH 44 1288
87.25 76 0
87.2 75.95 0
87.15 75.9 0
87.1 75.85 0
87.05 75.8 0
87 75.75 0
86.95 75.7 0
86.9 75.65 0
86.85 75.6 0
86.8 75.55 0
86.75 75.5 0
86.7 75.45 0
86.65 75.4 0
86.6 75.35 0
86.55 75.3 0
86.5 75.25 0
86.45 75.2 0
86.4 75.15 0
86.35 75.1 0
86.3 75.05 0
86.25 75 0
86.2 74.95 0
86.15 74.9 0
86.1 74.85 0
86.05 74.8 0
86 74.75 0
85.95 74.7 0
85.9 74.65 0
85.9 74.6 0
85.9 74.55 0
85.9 74.5 0
85.9 74.45 0
85.9 74.4 0
85.9 74.35 0
85.9 74.3 0
85.9 74.25 0
85.9 74.2 0
85.9 74.15 0
85.9 74.1 0
85.9 74.05 0
85.9 74 0
85.9 73.95 0
85.9 73.9 0
85.9 73.85 0
85.9 73.8 0
85.9 73.75 0
85.9 73.7 0
85.9 73.65 0
85.9 73.6 0
85.9 73.55 0
85.9 73.5 0
85.9 73.45 0
85.9 73.4 0
85.9 73.35 0
85.9 73.3 0
85.9 73.25 0
85.9 73.2 0
85.9 73.15 0
85.9 73.1 0
85.9 73.05 0
85.9 73 0
85.9 72.95 0
85.9 72.9 0
85.9 72.85 0
85.9 72.8 0
85.9 72.75 0
85.9 72.7 0
85.9 72.65 0
85.9 72.6 0
85.9 72.55 0
85.9 72.5 0
85.9 72.45 0
85.9 72.4 0
85.9 72.35 0
85.9 72.3 0
85.9 72.25 0
85.85 72.2 0
85.8 72.15 0
85.75 72.1 0
85.7 72.05 0
85.65 72 0
85.6 71.95 0
85.55 71.9 0
85.5 71.85 0
85.45 71.8 0
85.4 71.75 0
85.35 71.7 0
85.3 71.65 0
85.25 71.6 0
85.2 71.55 0
85.15 71.5 0
85.1 71.45 0
85.05 71.4 0
85 71.35 0
84.95 71.3 0
84.9 71.25 0
84.85 71.2 0
84.8 71.15 0
84.75 71.1 0
84.7 71.05 0
84.65 71 0
84.6 70.95 0
84.55 70.9 0
84.5 70.85 0
84.45 70.8 0
84.4 70.75 0
84.35 70.7 0
84.3 70.65 0
84.25 70.6 0
84.2 70.55 0
84.15 70.5 0
84.1 70.45 0
84.05 70.4 0
84 70.35 0
83.95 70.3 0
83.95 70.25 0
83.95 70.2 0
83.95 70.15 0
83.9 70.1 0
83.85 70.05 0
83.8 70 0
83.75 69.95 0
83.7 69.9 0
83.65 69.85 0
83.6 69.8 0
83.55 69.75 0
83.5 69.7 0
83.45 69.65 0
83.4 69.6 0
83.35 69.55 0
83.3 69.5 0
83.25 69.45 0
83.2 69.4 0
83.15 69.35 0
83.1 69.3 0
83.05 69.25 0
83 69.2 0
82.95 69.15 0
82.9 69.1 0
82.85 69.05 0
82.8 69 0
82.75 68.95 0
82.7 68.9 0
82.65 68.85 0
82.6 68.8 0
82.55 68.75 0
82.5 68.7 0
82.45 68.65 0
82.4 68.6 0
82.35 68.55 0
82.3 68.5 0
82.25 68.45 0
82.2 68.4 0
82.15 68.35 0
82.1 68.3 0
82.05 68.25 0
82 68.2 0
81.95 68.15 0
81.9 68.1 0
81.85 68.05 0
81.8 68 0
81.75 67.95 0
81.7 67.9 0
81.65 67.85 0
81.6 67.8 0
81.55 67.75 0
81.55 67.7 0
81.55 67.65 0
81.55 67.6 0
81.55 67.6 2
81.55 67.55 2
81.55 67.5 2
81.55 67.45 2
81.5 67.4 2
81.5 67.35 2
81.5 67.3 2
81.5 67.25 2
81.5 67.2 2
81.5 67.15 2
81.45 67.1 2
81.45 67.05 2
81.4 67 2
81.35 66.95 2
81.3 66.9 2
81.25 66.85 2
81.25 66.8 2
81.2 66.75 2
81.2 66.7 2
81.15 66.65 2
81.1 66.6 2
81.05 66.55 2
81 66.5 2
80.95 66.45 2
80.9 66.4 2
80.9 66.35 2
80.9 66.3 2
80.9 66.25 2
80.9 66.2 2
80.85 66.15 2
80.8 66.1 2
80.8 66.05 2
80.75 66 2
80.75 65.95 2
80.75 65.9 2
80.7 65.85 2
80.65 65.8 2
80.65 65.75 2
80.65 65.7 2
80.6 65.65 2
80.6 65.6 2
80.55 65.55 2
80.5 65.5 2
80.5 65.45 2
80.45 65.4 2
80.45 65.35 2
80.45 65.3 2
80.4 65.25 2
80.35 65.2 2
80.35 65.15 2
80.3 65.1 2
80.25 65.05 2
80.25 65 2
80.2 64.95 2
80.15 64.9 2
80.15 64.85 2
80.15 64.8 2
80.15 64.75 2
80.1 64.7 2
80.05 64.65 2
80 64.6 2
79.95 64.55 2
79.95 64.5 2
79.9 64.45 2
79.85 64.4 2
79.85 64.35 2
79.85 64.3 2
79.85 64.25 2
79.85 64.2 2
79.85 64.15 2
79.85 64.1 2
79.85 64.05 2
79.85 64 2
79.85 63.95 2
79.85 63.9 2
79.8 63.85 2
79.75 63.8 2
79.7 63.75 2
79.65 63.7 2
79.6 63.65 2
79.55 63.6 2
79.55 63.55 2
79.55 63.5 2
79.5 63.45 2
79.45 63.4 2
79.4 63.35 2
79.4 63.3 2
79.35 63.25 2
79.3 63.2 2
79.3 63.15 2
79.25 63.1 2
79.2 63.05 2
79.2 63 2
79.15 62.95 2
79.1 62.9 2
79.1 62.85 2
79.05 62.8 2
79 62.75 2
79 62.7 2
79 62.65 2
79 62.6 2
79 62.55 2
78.95 62.5 2
78.95 62.45 2
78.95 62.4 2
78.95 62.35 2
78.95 62.3 2
78.95 62.25 2
78.9 62.2 2
78.85 62.15 2
78.85 62.1 2
78.85 62.05 2
78.85 62 2
78.85 61.95 2
78.8 61.9 2
78.75 61.85 2
78.7 61.8 2
78.65 61.75 2
78.6 61.7 2
78.55 61.65 2
78.55 61.6 2
78.55 61.55 2
78.55 61.5 2
78.55 61.45 2
78.55 61.4 2
78.55 61.35 2
78.55 61.3 2
78.55 61.25 2
78.55 61.2 2
78.55 61.15 2
78.55 61.1 2
78.55 61.05 2
78.55 61 2
78.55 60.95 2
78.55 60.9 2
78.55 60.85 2
78.55 60.8 2
78.55 60.75 2
78.5 60.7 2
78.45 60.65 2
78.4 60.6 2
78.4 60.55 2
78.4 60.5 2
78.4 60.45 2
78.4 60.4 2
78.35 60.35 2
78.35 60.3 2
78.35 60.25 2
78.3 60.2 2
78.25 60.15 2
78.2 60.1 2
78.15 60.05 2
78.1 60 2
78.05 59.95 2
78 59.9 2
77.95 59.85 2
77.9 59.8 2
77.85 59.75 2
77.85 59.7 2
77.85 59.65 2
77.85 59.6 2
77.85 59.55 2
77.85 59.5 2
77.85 59.45 2
77.85 59.4 2
77.85 59.35 2
77.85 59.3 2
77.8 59.25 2
77.75 59.2 2
77.7 59.15 2
77.7 59.1 2
77.7 59.05 2
77.65 59 2
77.6 58.95 2
77.55 58.9 2
77.5 58.85 2
77.45 58.8 2
77.4 58.75 2
77.35 58.7 2
77.3 58.65 2
77.25 58.6 2
77.2 58.55 2
77.15 58.5 2
77.1 58.45 2
77.05 58.4 2
77 58.35 2
76.95 58.3 2
76.9 58.25 2
76.9 58.2 2
76.9 58.15 2
76.9 58.1 2
76.9 58.05 2
76.9 58 2
76.9 57.95 2
76.9 57.9 2
76.9 57.85 2
76.9 57.8 2
76.9 57.75 2
76.9 57.7 2
76.9 57.65 2
76.9 57.6 2
76.9 57.55 2
76.9 57.5 2
76.9 57.45 2
76.9 57.4 2
76.9 57.35 2
76.9 57.3 2
76.9 57.25 2
76.9 57.2 2
76.9 57.15 2
76.9 57.1 2
76.9 57.05 2
76.9 57 2
76.9 56.95 2
76.9 56.9 2
76.9 56.85 2
76.9 56.8 2
76.9 56.75 2
76.9 56.7 2
76.9 56.65 2
76.9 56.6 2
76.9 56.55 2
76.9 56.5 2
76.9 56.45 2
76.9 56.4 2
76.9 56.35 2
76.9 56.3 2
76.9 56.25 2
76.9 56.2 2
76.9 56.15 2
76.9 56.1 2
76.9 56.05 2
76.9 56 2
76.9 55.95 2
76.9 55.9 2
76.9 55.85 2
76.9 55.8 2
76.9 55.75 2
76.9 55.7 2
76.9 55.65 2
76.9 55.6 2
76.9 55.55 2
76.9 55.5 2
76.9 55.45 2
76.9 55.4 2
76.9 55.35 2
76.85 55.3 2
76.8 55.25 2
76.75 55.2 2
76.7 55.15 2
76.65 55.1 2
76.6 55.05 2
76.55 55 2
76.5 54.95 2
76.45 54.9 2
76.4 54.85 2
76.35 54.8 2
76.3 54.75 2
76.25 54.7 2
76.2 54.65 2
76.15 54.6 2
76.1 54.55 2
76.05 54.5 2
76 54.45 2
75.95 54.4 2
75.9 54.35 2
75.85 54.3 2
75.8 54.25 2
75.75 54.2 2
75.7 54.15 2
75.65 54.1 2
75.65 54.05 2
75.65 54 2
75.65 53.95 2
75.65 53.9 2
75.65 53.85 2
75.65 53.8 2
75.65 53.75 2
75.65 53.7 2
75.6 53.65 2
75.55 53.6 2
75.5 53.55 2
75.45 53.5 2
75.4 53.45 2
75.35 53.4 2
75.3 53.35 2
75.25 53.3 2
75.2 53.25 2
75.15 53.2 2
75.1 53.15 2
75.05 53.1 2
75 53.05 2
74.95 53 2
74.9 52.95 2
74.85 52.9 2
74.8 52.85 2
74.75 52.8 2
74.7 52.75 2
74.65 52.7 2
74.6 52.65 2
74.55 52.6 2
74.5 52.55 2
74.45 52.5 2
74.4 52.45 2
74.35 52.4 2
74.3 52.35 2
74.25 52.3 2
74.2 52.25 2
74.15 52.2 2
74.1 52.15 2
74.05 52.1 2
74 52.05 2
73.95 52 2
73.95 51.95 2
73.95 51.9 2
73.95 51.85 2
73.95 51.8 2
73.95 51.75 2
73.95 51.7 2
73.95 51.65 2
73.95 51.6 2
73.95 51.55 2
73.95 51.5 2
73.95 51.45 2
73.95 51.4 2
73.95 51.35 2
73.95 51.3 2
73.95 51.25 2
73.95 51.2 2
73.95 51.15 2
73.95 51.1 2
73.95 51.05 2
73.95 51 2
73.95 50.95 2
73.95 50.9 2
73.95 50.85 2
73.95 50.8 2
73.95 50.75 2
73.95 50.7 2
73.95 50.65 2
73.95 50.6 2
73.95 50.55 2
73.95 50.5 2
73.95 50.45 2
73.95 50.4 2
73.95 50.35 2
73.95 50.3 2
73.95 50.25 2
73.95 50.2 2
73.95 50.15 2
73.95 50.1 2
73.95 50.05 2
73.95 50 2
73.95 49.95 2
73.95 49.9 2
73.95 49.85 2
73.95 49.8 2
73.95 49.75 2
73.95 49.7 2
73.95 49.65 2
73.95 49.6 2
73.95 49.55 2
73.95 49.5 2
73.95 49.45 2
73.95 49.4 2
73.95 49.35 2
73.95 49.3 2
73.95 49.25 2
73.95 49.2 2
73.95 49.15 2
73.95 49.1 2
73.95 49.05 2
73.95 49 2
73.95 48.95 2
73.95 48.9 2
73.95 48.85 2
73.95 48.8 2
73.95 48.75 2
73.95 48.7 2
73.95 48.65 2
73.95 48.6 2
73.95 48.55 2
73.95 48.5 2
73.95 48.45 2
73.95 48.4 2
73.95 48.35 2
73.95 48.3 2
73.95 48.25 2
73.95 48.2 2
73.95 48.15 2
73.95 48.1 2
73.95 48.05 2
73.95 48 2
73.95 47.95 2
73.95 47.9 2
73.95 47.85 2
73.95 47.8 2
73.95 47.75 2
73.95 47.7 2
73.95 47.65 2
73.95 47.6 2
73.95 47.55 2
73.95 47.5 2
73.95 47.45 2
73.95 47.4 2
73.95 47.35 2
73.95 47.3 2
73.95 47.25 2
73.95 47.2 2
73.95 47.15 2
73.95 47.1 2
73.95 47.05 2
73.95 47 2
73.95 46.95 2
73.95 46.9 2
73.95 46.85 2
73.95 46.8 2
73.95 46.75 2
73.95 46.7 2
73.95 46.65 2
73.95 46.6 2
73.95 46.55 2
73.95 46.5 2
73.95 46.45 2
73.95 46.4 2
73.95 46.35 2
73.95 46.3 2
73.95 46.25 2
73.95 46.2 2
73.95 46.15 2
73.95 46.1 2
73.95 46.05 2
73.95 46 2
73.95 45.95 2
73.95 45.9 2
73.95 45.85 2
73.95 45.8 2
73.95 45.75 2
73.95 45.7 2
73.95 45.65 2
73.95 45.6 2
73.95 45.55 2
73.95 45.5 2
73.95 45.45 2
73.95 45.4 2
73.95 45.35 2
73.95 45.3 2
73.95 45.25 2
73.95 45.2 2
73.95 45.15 2
73.95 45.1 2
73.95 45.05 2
73.95 45 2
73.95 44.95 2
73.95 44.9 2
73.95 44.85 2
73.95 44.8 2
73.95 44.75 2
73.95 44.7 2
73.95 44.65 2
73.95 44.6 2
73.95 44.55 2
73.95 44.5 2
73.95 44.45 2
73.95 44.4 2
73.95 44.35 2
73.95 44.3 2
73.95 44.25 2
73.95 44.2 2
73.95 44.15 2
73.95 44.1 2
73.95 44.05 2
73.95 44 2
73.95 43.95 2
73.95 43.9 2
73.95 43.85 2
73.95 43.8 2
73.95 43.75 2
73.95 43.7 2
73.95 43.65 2
73.95 43.6 2
73.95 43.55 2
73.95 43.5 2
73.95 43.45 2
73.95 43.4 2
73.95 43.35 2
73.95 43.3 2
73.95 43.25 2
73.95 43.2 2
73.95 43.15 2
73.95 43.1 2
73.95 43.05 2
73.95 43 2
73.95 42.95 2
73.95 42.9 2
73.95 42.85 2
73.95 42.8 2
73.95 42.75 2
73.95 42.7 2
73.95 42.65 2
73.95 42.6 2
73.95 42.55 2
73.95 42.5 2
73.95 42.45 2
73.95 42.4 2
73.95 42.35 2
73.95 42.3 2
73.95 42.25 2
73.95 42.2 2
73.95 42.15 2
73.95 42.1 2
73.95 42.05 2
73.95 42 2
73.95 41.95 2
73.95 41.9 2
73.95 41.85 2
73.95 41.8 2
73.95 41.75 2
73.95 41.7 2
73.95 41.65 2
73.95 41.6 2
73.95 41.55 2
73.95 41.5 2
73.95 41.45 2
73.95 41.4 2
73.95 41.35 2
73.95 41.3 2
73.95 41.25 2
73.95 41.2 2
73.95 41.15 2
73.95 41.1 2
73.95 41.05 2
73.95 41 2
73.95 40.95 2
73.95 40.9 2
73.95 40.85 2
73.95 40.8 2
73.95 40.75 2
73.95 40.7 2
73.95 40.65 2
73.95 40.6 2
73.95 40.55 2
73.95 40.5 2
73.95 40.45 2
73.95 40.4 2
73.95 40.35 2
73.95 40.3 2
73.95 40.25 2
73.95 40.2 2
73.95 40.15 2
73.95 40.1 2
73.95 40.05 2
73.95 40 2
73.95 39.95 2
73.95 39.9 2
73.95 39.85 2
73.95 39.8 2
73.95 39.75 2
73.95 39.7 2
73.95 39.65 2
73.95 39.6 2
73.95 39.55 2
73.95 39.5 2
73.95 39.45 2
73.95 39.4 2
73.95 39.35 2
73.95 39.3 2
73.95 39.25 2
73.95 39.2 2
73.95 39.15 2
73.95 39.1 2
73.95 39.05 2
73.95 39 2
73.95 38.95 2
73.95 38.9 2
73.95 38.85 2
73.95 38.8 2
73.95 38.75 2
73.95 38.7 2
73.95 38.65 2
73.95 38.6 2
73.95 38.55 2
73.95 38.5 2
73.95 38.45 2
73.95 38.4 2
73.95 38.35 2
73.95 38.3 2
73.95 38.25 2
73.95 38.2 2
73.95 38.15 2
73.95 38.1 2
73.95 38.05 2
73.95 38 2
73.95 37.95 2
73.95 37.9 2
73.95 37.85 2
73.95 37.8 2
73.95 37.75 2
73.95 37.7 2
73.95 37.65 2
73.95 37.6 2
73.95 37.55 2
73.95 37.5 2
73.95 37.45 2
73.95 37.4 2
73.95 37.35 2
73.95 37.3 2
73.95 37.25 2
73.95 37.2 2
73.95 37.15 2
73.95 37.1 2
73.95 37.05 2
73.95 37 2
73.95 36.95 2
73.95 36.9 2
73.95 36.85 2
73.95 36.8 2
73.95 36.75 2
73.95 36.7 2
73.95 36.65 2
73.95 36.6 2
73.95 36.55 2
73.95 36.5 2
73.95 36.45 2
73.95 36.4 2
73.95 36.35 2
73.95 36.3 2
73.95 36.25 2
73.95 36.2 2
73.95 36.15 2
73.95 36.1 2
73.95 36.05 2
73.95 36 2
73.95 35.95 2
73.95 35.9 2
73.95 35.85 2
73.95 35.8 2
73.95 35.75 2
73.95 35.7 2
73.95 35.65 2
73.95 35.6 2
73.95 35.55 2
73.95 35.5 2
73.95 35.45 2
73.95 35.4 2
73.95 35.35 2
73.95 35.3 2
73.95 35.25 2
73.95 35.2 2
73.95 35.15 2
73.95 35.1 2
73.95 35.05 2
73.95 35 2
73.95 34.95 2
73.95 34.9 2
73.95 34.85 2
73.95 34.8 2
73.95 34.75 2
73.95 34.7 2
73.95 34.65 2
73.95 34.6 2
73.95 34.55 2
73.95 34.5 2
73.95 34.45 2
73.95 34.4 2
73.95 34.35 2
73.95 34.3 2
73.95 34.25 2
73.95 34.2 2
73.95 34.15 2
73.95 34.1 2
73.95 34.05 2
73.95 34 2
73.95 33.95 2
73.95 33.9 2
73.95 33.85 2
73.95 33.8 2
73.95 33.75 2
73.95 33.7 2
73.95 33.65 2
73.95 33.6 2
73.95 33.55 2
73.95 33.5 2
73.95 33.45 2
73.95 33.4 2
73.95 33.35 2
73.95 33.3 2
73.95 33.25 2
73.95 33.2 2
73.95 33.15 2
73.95 33.1 2
73.95 33.05 2
73.95 33 2
73.95 32.95 2
73.95 32.9 2
73.95 32.85 2
73.95 32.8 2
73.95 32.75 2
73.95 32.7 2
73.95 32.65 2
73.95 32.6 2
73.95 32.55 2
73.95 32.5 2
73.95 32.45 2
73.95 32.4 2
73.95 32.35 2
73.95 32.3 2
73.95 32.25 2
73.95 32.2 2
73.95 32.15 2
73.95 32.1 2
73.95 32.05 2
73.95 32 2
73.95 31.95 2
73.95 31.9 2
73.95 31.85 2
73.95 31.8 2
73.95 31.75 2
73.95 31.7 2
73.95 31.65 2
73.95 31.6 2
73.95 31.55 2
73.95 31.5 2
73.95 31.45 2
73.95 31.4 2
73.95 31.35 2
73.95 31.3 2
73.95 31.25 2
73.95 31.2 2
73.95 31.15 2
73.95 31.1 2
73.95 31.05 2
73.95 31 2
73.95 30.95 2
73.95 30.9 2
73.95 30.85 2
73.95 30.8 2
73.95 30.75 2
73.95 30.7 2
73.95 30.65 2
73.95 30.6 2
73.95 30.55 2
73.95 30.5 2
73.95 30.45 2
73.95 30.4 2
73.95 30.35 2
73.95 30.3 2
73.95 30.25 2
73.95 30.2 2
73.95 30.15 2
73.95 30.1 2
73.95 30.05 2
73.95 30 2
73.95 29.95 2
73.95 29.9 2
73.95 29.85 2
73.95 29.8 2
73.95 29.75 2
73.95 29.7 2
73.95 29.65 2
73.95 29.6 2
73.95 29.55 2
73.95 29.5 2
73.95 29.45 2
73.95 29.4 2
73.95 29.35 2
73.95 29.3 2
73.95 29.25 2
73.95 29.2 2
73.95 29.15 2
73.95 29.1 2
73.95 29.05 2
73.95 29 2
73.95 28.95 2
73.95 28.9 2
73.95 28.85 2
73.95 28.8 2
73.95 28.75 2
73.95 28.7 2
73.95 28.65 2
73.95 28.6 2
73.95 28.55 2
73.95 28.5 2
73.95 28.45 2
73.95 28.4 2
73.95 28.35 2
73.95 28.3 2
73.95 28.25 2
73.95 28.2 2
73.95 28.15 2
73.95 28.1 2
73.95 28.05 2
73.95 28 2
73.95 27.95 2
73.95 27.9 2
73.95 27.85 2
73.95 27.8 2
73.95 27.75 2
73.95 27.7 2
73.95 27.65 2
73.95 27.6 2
73.95 27.55 2
73.95 27.5 2
73.95 27.45 2
73.95 27.4 2
73.95 27.35 2
73.95 27.3 2
73.95 27.25 2
73.95 27.2 2
73.95 27.15 2
73.95 27.1 2
73.95 27.05 2
73.95 27 2
73.95 26.95 2
73.95 26.9 2
73.95 26.85 2
73.95 26.8 2
73.95 26.75 2
73.95 26.7 2
73.95 26.65 2
73.95 26.6 2
73.95 26.55 2
73.95 26.5 2
73.95 26.45 2
73.95 26.4 2
73.95 26.35 2
73.95 26.3 2
73.95 26.25 2
73.95 26.2 2
73.95 26.15 2
73.95 26.1 2
73.95 26.05 2
73.95 26 2
73.95 25.95 2
73.95 25.9 2
73.95 25.85 2
73.95 25.8 2
73.95 25.75 2
73.95 25.7 2
73.95 25.65 2
73.95 25.6 2
73.95 25.55 2
73.95 25.5 2
73.95 25.45 2
73.95 25.4 2
73.95 25.35 2
73.95 25.3 2
73.95 25.25 2
73.95 25.2 2
73.95 25.15 2
73.95 25.1 2
73.95 25.05 2
73.95 25 2
73.95 24.95 2
73.95 24.9 2
73.95 24.85 2
73.95 24.8 2
73.95 24.75 2
73.95 24.7 2
73.95 24.65 2
73.95 24.6 2
73.95 24.55 2
73.95 24.5 2
73.95 24.45 2
73.95 24.4 2
73.95 24.35 2
73.95 24.3 2
73.95 24.25 2
73.95 24.2 2
73.95 24.15 2
73.95 24.1 2
73.95 24.05 2
73.95 24 2
73.95 23.95 2
73.95 23.9 2
73.95 23.85 2
73.95 23.8 2
73.95 23.75 2
73.95 23.7 2
73.95 23.65 2
73.95 23.6 2
73.95 23.55 2
73.95 23.5 2
73.95 23.45 2
73.95 23.4 2
73.95 23.35 2
73.95 23.3 2
73.95 23.25 2
73.95 23.2 2
73.95 23.15 2
73.95 23.1 2
73.95 23.05 2
73.95 23 2
73.95 22.95 2
73.95 22.9 2
73.95 22.85 2
73.95 22.8 2
73.95 22.75 2
73.95 22.7 2
73.95 22.65 2
73.95 22.6 2
73.95 22.55 2
73.9 22.5 2
73.9 22.45 2
73.9 22.4 2
73.9 22.35 2
73.9 22.3 2
73.9 22.25 2
73.9 22.2 2
73.9 22.15 2
73.9 22.1 2
73.9 22.05 2
73.9 22 2
73.9 21.95 2
73.9 21.9 2
73.9 21.85 2
73.9 21.8 2
73.9 21.75 2
73.9 21.7 2
73.9 21.65 2
73.9 21.6 2
73.9 21.55 2
73.9 21.5 2
73.9 21.45 2
73.9 21.4 2
73.9 21.35 2
73.9 21.3 2
73.9 21.25 2
73.9 21.2 2
73.9 21.15 2
73.9 21.1 2
73.9 21.05 2
73.9 21 2
73.9 20.95 2
73.9 20.9 2
73.9 20.85 2
73.9 20.8 2
73.9 20.75 2
73.9 20.7 2
73.9 20.65 2
73.9 20.6 2
73.9 20.55 2
73.9 20.5 2
73.9 20.45 2
73.9 20.4 2
73.9 20.35 2
73.9 20.3 2
73.9 20.25 2
73.9 20.2 2
73.9 20.15 2
73.9 20.1 2
73.9 20.05 2
73.9 20 2
73.9 19.95 2
73.9 19.9 2
73.9 19.85 2
73.9 19.8 2
73.9 19.75 2
73.9 19.7 2
73.9 19.65 2
73.9 19.6 2
73.9 19.55 2
73.9 19.5 2
73.9 19.45 2
73.9 19.4 2
73.9 19.35 2
73.9 19.3 2
73.9 19.25 2
73.9 19.2 2
73.9 19.15 2
73.9 19.1 2
73.9 19.05 2
73.9 19 2
73.9 18.95 2
73.9 18.9 2
73.9 18.85 2
73.9 18.8 2
73.9 18.75 2
73.9 18.7 2
73.9 18.65 2
73.9 18.6 2
73.9 18.55 2
73.9 18.5 2
73.9 18.45 2
73.9 18.4 2
73.9 18.35 2
73.9 18.3 2
73.9 18.25 2
73.9 18.2 2
73.9 18.15 2
73.9 18.1 2
73.9 18.05 2
73.9 18 2
73.9 17.95 2
73.9 17.9 2
73.9 17.85 2
73.9 17.8 2
73.9 17.75 2
73.9 17.7 2
73.9 17.65 2
73.9 17.6 2
73.9 17.55 2
73.9 17.5 2
73.9 17.45 2
73.9 17.4 2
73.9 17.35 2
73.9 17.3 2
73.9 17.25 2
73.9 17.2 2
73.9 17.15 2
73.9 17.1 2
73.9 17.05 2
73.9 17 2
73.9 16.95 2
73.9 16.9 2
73.9 16.85 2
73.85 16.8 2
73.8 16.75 2
73.75 16.7 2
73.75 16.65 2
73.7 16.6 2
73.65 16.55 2
73.6 16.5 2
73.55 16.45 2
73.5 16.4 2
73.45 16.35 2
73.4 16.3 2
73.35 16.25 2
73.3 16.2 2
73.25 16.15 2
73.2 16.1 2
73.15 16.05 2
73.1 16 2
73.05 15.95 2
73 15.9 2
72.95 15.85 2
72.9 15.8 2
72.85 15.75 2
72.8 15.7 2
72.75 15.65 2
72.7 15.6 2
72.65 15.55 2
72.6 15.5 2
72.55 15.45 2
72.5 15.4 2
72.45 15.35 2
72.4 15.3 2
72.35 15.25 2
72.3 15.2 2
72.25 15.15 2
72.2 15.1 2
72.15 15.05 2
72.1 15 2
72.05 14.95 2
72 14.9 2
71.95 14.85 2
71.9 14.8 2
71.85 14.75 2
71.8 14.7 2
71.75 14.65 2
71.7 14.6 2
71.65 14.55 2
71.6 14.5 2
71.55 14.45 2
71.5 14.4 2
71.45 14.35 2
71.45 14.3 2
71.45 14.25 2
71.45 14.2 2
71.45 14.15 2
71.45 14.1 2
71.45 14.05 2
71.45 14 2
71.45 13.95 2
71.45 13.9 2
71.45 13.85 2
71.45 13.8 2
71.45 13.75 2
71.45 13.7 2
71.45 13.65 2
71.45 13.6 2
71.45 13.55 2
71.45 13.5 2
71.45 13.45 2
71.45 13.4 2
71.45 13.35 2
71.45 13.3 2
71.45 13.25 2
71.45 13.2 2
71.45 13.15 2
71.45 13.1 2
71.45 13.05 2
71.45 13 2
71.45 12.95 2
71.45 12.9 2
71.45 12.85 2
71.45 12.8 2
71.45 12.75 2
71.45 12.7 2
71.45 12.65 2
71.45 12.6 2
71.45 12.55 2
71.45 12.5 2
71.45 12.45 2
71.45 12.4 2
71.45 12.35 2
71.45 12.3 2
71.45 12.25 2
71.45 12.2 2
71.45 12.15 2
71.45 12.1 2
71.45 12.05 2
71.45 12.05 0
71.4 12.05 0
71.35 12 0
71.3 12 0
71.25 12 0
71.2 12 0
71.15 12 0
PATH 59 478
48.15 77 0
48.2 77 0
48.25 77 0
48.3 77 0
48.35 77.05 0
48.4 77.1 0
48.45 77.15 0
48.5 77.2 0
48.55 77.25 0
48.6 77.3 0
48.65 77.35 0
48.7 77.4 0
48.75 77.45 0
48.8 77.5 0
48.85 77.55 0
48.9 77.6 0
48.95 77.65 0
49 77.7 0
49.05 77.75 0
49.1 77.8 0
49.15 77.8 0
49.2 77.8 0
49.25 77.8 0
49.3 77.8 0
49.35 77.8 0
49.4 77.8 0
49.45 77.8 0
49.5 77.8 0
49.55 77.8 0
49.6 77.8 0
49.65 77.8 0
49.7 77.8 0
49.75 77.8 0
49.8 77.8 0
49.85 77.8 0
49.9 77.8 0
49.95 77.8 0
50 77.8 0
50.05 77.8 0
50.1 77.8 0
50.15 77.8 0
50.2 77.8 0
50.25 77.8 0
50.3 77.8 0
50.35 77.8 0
50.4 77.8 0
50.45 77.8 0
50.5 77.8 0
50.55 77.8 0
50.6 77.8 0
50.65 77.8 0
50.7 77.8 0
50.75 77.8 0
50.8 77.8 0
50.85 77.8 0
50.9 77.8 0
50.95 77.8 0
51 77.8 0
51.05 77.8 0
51.1 77.8 0
51.15 77.8 0
51.2 77.8 0
51.25 77.8 0
51.3 77.8 0
51.35 77.8 0
51.4 77.8 0
51.45 77.8 0
51.5 77.8 0
51.55 77.8 0
51.6 77.8 0
51.65 77.8 0
51.7 77.8 0
51.75 77.8 0
51.8 77.8 0
51.85 77.8 0
51.9 77.8 0
51.95 77.8 0
52 77.8 0
52.05 77.8 0
52.1 77.8 0
52.15 77.8 0
52.2 77.8 0
52.25 77.8 0
52.3 77.8 0
52.35 77.8 0
52.4 77.8 0
52.45 77.8 0
52.5 77.8 0
52.55 77.8 0
52.6 77.8 0
52.65 77.8 0
52.7 77.8 0
52.75 77.8 0
52.8 77.8 0
52.85 77.8 0
52.9 77.8 0
52.95 77.8 0
53 77.8 0
53.05 77.8 0
53.1 77.8 0
53.15 77.8 0
53.2 77.8 0
53.25 77.8 0
53.3 77.8 0
53.35 77.8 0
53.4 77.8 0
53.45 77.8 0
53.5 77.8 0
53.55 77.8 0
53.6 77.8 0
53.65 77.8 0
53.7 77.8 0
53.75 77.8 0
53.8 77.8 0
53.85 77.8 0
53.9 77.8 0
53.95 77.8 0
54 77.8 0
54.05 77.8 0
54.1 77.8 0
54.15 77.8 0
54.2 77.8 0
54.25 77.8 0
54.3 77.8 0
54.35 77.8 0
54.4 77.8 0
54.45 77.8 0
54.5 77.8 0
54.55 77.8 0
54.6 77.8 0
54.65 77.8 0
54.7 77.8 0
54.75 77.8 0
54.8 77.8 0
54.85 77.8 0
54.9 77.8 0
54.95 77.8 0
55 77.8 0
55.05 77.8 0
55.1 77.8 0
55.15 77.8 0
55.2 77.8 0
55.25 77.8 0
55.3 77.8 0
55.35 77.8 0
55.4 77.8 0
55.45 77.8 0
55.5 77.8 0
55.55 77.8 0
55.6 77.8 0
55.65 77.8 0
55.7 77.8 0
55.75 77.8 0
55.8 77.8 0
55.85 77.8 0
55.9 77.8 0
55.95 77.8 0
56 77.8 0
56.05 77.8 0
56.1 77.8 0
56.15 77.8 0
56.2 77.8 0
56.25 77.8 0
56.3 77.8 0
56.35 77.8 0
56.4 77.8 0
56.45 77.8 0
56.5 77.8 0
56.55 77.8 0
56.6 77.8 0
56.65 77.8 0
56.7 77.8 0
56.75 77.8 0
56.8 77.8 0
56.85 77.8 0
56.9 77.8 0
56.95 77.8 0
57 77.8 0
57.05 77.8 0
57.1 77.8 0
57.15 77.8 0
57.2 77.8 0
57.25 77.8 0
57.3 77.8 0
57.35 77.8 0
57.4 77.8 0
57.45 77.8 0
57.5 77.8 0
57.55 77.8 0
57.6 77.8 0
57.65 77.8 0
57.7 77.8 0
57.75 77.8 0
57.8 77.8 0
57.85 77.8 0
57.9 77.8 0
57.95 77.8 0
58 77.8 0
58.05 77.8 0
58.1 77.8 0
58.15 77.8 0
58.2 77.8 0
58.25 77.8 0
58.3 77.8 0
58.35 77.8 0
58.4 77.8 0
58.45 77.8 0
58.5 77.8 0
58.55 77.8 0
58.6 77.8 0
58.65 77.8 0
58.7 77.8 0
58.75 77.8 0
58.8 77.8 0
58.85 77.8 0
58.9 77.8 0
58.95 77.8 0
59 77.8 0
59.05 77.8 0
59.1 77.8 0
59.15 77.8 0
59.2 77.8 0
59.25 77.8 0
59.3 77.8 0
59.35 77.8 0
59.4 77.8 0
59.45 77.8 0
59.5 77.8 0
59.55 77.8 0
59.6 77.8 0
59.65 77.8 0
59.7 77.8 0
59.75 77.8 0
59.8 77.8 0
59.85 77.8 0
59.9 77.8 0
59.95 77.8 0
60 77.8 0
60.05 77.8 0
60.1 77.8 0
60.15 77.8 0
60.2 77.8 0
60.25 77.8 0
60.3 77.8 0
60.35 77.8 0
60.4 77.8 0
60.45 77.8 0
60.5 77.8 0
60.55 77.8 0
60.6 77.8 0
60.65 77.8 0
60.7 77.8 0
60.75 77.8 0
60.8 77.8 0
60.85 77.8 0
60.9 77.8 0
60.95 77.8 0
61 77.8 0
61.05 77.8 0
61.1 77.8 0
61.15 77.8 0
61.2 77.8 0
61.25 77.8 0
61.3 77.8 0
61.35 77.8 0
61.4 77.8 0
61.45 77.8 0
61.5 77.8 0
61.55 77.8 0
61.6 77.8 0
61.65 77.8 0
61.7 77.8 0
61.75 77.8 0
61.8 77.8 0
61.85 77.8 0
61.9 77.8 0
61.95 77.8 0
62 77.8 0
62.05 77.8 0
62.1 77.8 0
62.15 77.8 0
62.2 77.8 0
62.25 77.8 0
62.3 77.8 0
62.35 77.8 0
62.4 77.8 0
62.45 77.8 0
62.5 77.8 0
62.55 77.8 0
62.6 77.8 0
62.65 77.8 0
62.7 77.8 0
62.75 77.8 0
62.8 77.8 0
62.85 77.8 0
62.9 77.8 0
62.95 77.8 0
63 77.8 0
63.05 77.8 0
63.1 77.8 0
63.15 77.8 0
63.2 77.8 0
63.25 77.8 0
63.3 77.8 0
63.35 77.8 0
63.4 77.8 0
63.45 77.8 0
63.5 77.8 0
63.55 77.8 0
63.6 77.8 0
63.65 77.8 0
63.7 77.8 0
63.75 77.8 0
63.8 77.8 0
63.85 77.8 0
63.9 77.8 0
63.95 77.8 0
64 77.8 0
64.05 77.8 0
64.1 77.8 0
64.15 77.8 0
64.2 77.8 0
64.25 77.8 0
64.3 77.8 0
64.35 77.8 0
64.4 77.8 0
64.45 77.8 0
64.5 77.8 0
64.55 77.8 0
64.6 77.8 0
64.65 77.8 0
64.7 77.8 0
64.75 77.8 0
64.8 77.8 0
64.85 77.8 0
64.9 77.8 0
64.95 77.8 0
65 77.8 0
65.05 77.8 0
65.1 77.8 0
65.15 77.8 0
65.2 77.8 0
65.25 77.8 0
65.3 77.8 0
65.35 77.8 0
65.4 77.8 0
65.45 77.8 0
65.5 77.8 0
65.55 77.8 0
65.6 77.75 0
65.65 77.7 0
65.7 77.65 0
65.75 77.6 0
65.8 77.55 0
65.85 77.5 0
65.9 77.45 0
65.95 77.4 0
66 77.35 0
66.05 77.35 0
66.1 77.35 0
66.15 77.35 0
66.2 77.35 0
66.25 77.35 0
66.3 77.35 0
66.35 77.35 0
66.4 77.35 0
66.45 77.3 0
66.5 77.25 0
66.55 77.2 0
66.6 77.15 0
66.65 77.1 0
66.7 77.05 0
66.75 77 0
66.8 77 0
66.85 77 0
66.9 77 0
66.95 77 0
67 77 0
67.05 77 0
67.1 77 0
67.15 77 0
67.2 76.95 0
67.25 76.9 0
67.3 76.85 0
67.35 76.8 0
67.4 76.75 0
67.45 76.7 0
67.5 76.65 0
67.55 76.6 0
67.6 76.55 0
67.65 76.5 0
67.7 76.45 0
67.75 76.4 0
67.8 76.35 0
67.85 76.3 0
67.9 76.25 0
67.95 76.2 0
68 76.15 0
68.05 76.1 0
68.1 76.05 0
68.15 76 0
68.2 76 0
68.25 76 0
68.3 76 0
68.35 76 0
68.4 76 0
68.45 76 0
68.5 76 0
68.55 76 0
68.6 76 0
68.65 76 0
68.7 76 0
68.75 76 0
68.8 76 0
68.85 76 0
68.9 76 0
68.95 76 0
69 76 0
69.05 76 0
69.1 76 0
69.15 76 0
69.2 76 0
69.25 76 0
69.3 76 0
69.35 76 0
69.4 76 0
69.45 76 0
69.5 76 0
69.55 76 0
69.6 76 0
69.65 76 0
69.7 76 0
69.75 76 0
69.8 76 0
69.85 76 0
69.9 76 0
69.95 76 0
70 76 0
70.05 76 0
70.1 76 0
70.15 76 0
70.2 76 0
70.25 76 0
70.3 76 0
70.35 76 0
70.4 76 0
70.45 76 0
70.5 76 0
70.55 76 0
70.6 76 0
70.65 76 0
70.7 76 0
70.75 76 0
70.8 76 0
70.85 76 0
70.9 76 0
70.95 76 0
71 76 0
71.05 76 0
71.1 76 0
71.15 76 0
71.2 76 0
71.25 76 0
71.3 76 0
71.35 76 0
71.4 76 0
71.45 76 0
71.5 76 0
71.55 76 0
71.6 76 0
71.65 76 0
71.7 76 0
71.75 76 0
71.8 76 0
71.85 76 0
71.9 76 0
71.95 76 0
72 76 0
PATH 61 383
63.15 77 0
63.2 77 0
63.25 77 0
63.3 77 0
63.35 77 0
63.4 77 0
63.45 77 0
63.5 77 0
63.55 77 0
63.6 77 0
63.65 77 0
63.7 77 0
63.75 77 0
63.8 77 0
63.85 77 0
63.9 77 0
63.9 77 2
63.95 77 2
64 77 2
64.05 77 2
64.1 77 2
64.15 77 2
64.2 77 2
64.25 77 2
64.3 77 2
64.35 77 2
64.4 77 2
64.45 77 2
64.5 77 2
64.55 77 2
64.6 77 2
64.65 77 2
64.7 77 2
64.75 77 2
64.8 77 2
64.85 77 2
64.9 77 2
64.95 77 2
65 77 2
65.05 77 2
65.1 77 2
65.15 77 2
65.2 77 2
65.25 77 2
65.3 77 2
65.35 77 2
65.4 77 2
65.45 77 2
65.5 77 2
65.55 77 2
65.6 77 2
65.65 77 2
65.7 77 2
65.75 77 2
65.8 77 2
65.85 77 2
65.9 77 2
65.95 77 2
66 77 2
66.05 77 2
66.1 77 2
66.15 77 2
66.2 77 2
66.25 77 2
66.3 77 2
66.35 77 2
66.4 77 2
66.45 77 2
66.5 77 2
66.55 77 2
66.6 77 2
66.65 77 2
66.7 77 2
66.75 77 2
66.8 77 2
66.85 77 2
66.9 77 2
66.95 77 2
67 77 2
67.05 77 2
67.1 77 2
67.15 77 2
67.2 77 2
67.25 77 2
67.3 77 2
67.35 77 2
67.4 77 2
67.45 77 2
67.5 77 2
67.55 77 2
67.6 77 2
67.65 77 2
67.7 77 2
67.75 77 2
67.8 77 2
67.85 77 2
67.9 77 2
67.95 77 2
68 77 2
68.05 77 2
68.1 77 2
68.15 77 2
68.2 77 2
68.25 77 2
68.3 77 2
68.35 77 2
68.4 77 2
68.45 77 2
68.5 77 2
68.55 77 2
68.6 77 2
68.65 77 2
68.7 77 2
68.75 77 2
68.8 77 2
68.85 77 2
68.9 77 2
68.95 77 2
69 77 2
69.05 77 2
69.1 77 2
69.15 77 2
69.2 77 2
69.25 77 2
69.3 77 2
69.35 77 2
69.4 77 2
69.45 77 2
69.5 77 2
69.55 77 2
69.6 77 2
69.65 77 2
69.7 77 2
69.75 77 2
69.8 77 2
69.85 77 2
69.9 77 2
69.95 77 2
70 77 2
70.05 77 2
70.1 77 2
70.15 77 2
70.2 77 2
70.25 77 2
70.3 77 2
70.35 77 2
70.4 77 2
70.45 77 2
70.5 77 2
70.55 77 2
70.6 77 2
70.65 77.05 2
70.7 77.1 2
70.75 77.15 2
70.8 77.2 2
70.85 77.2 2
70.9 77.2 2
70.95 77.2 2
71 77.2 2
71.05 77.2 2
71.1 77.2 2
71.15 77.2 2
71.2 77.2 2
71.25 77.2 2
71.3 77.2 2
71.35 77.2 2
71.4 77.2 2
71.45 77.2 2
71.5 77.2 2
71.55 77.2 2
71.6 77.2 2
71.65 77.2 2
71.7 77.2 2
71.75 77.2 2
71.8 77.2 2
71.85 77.2 2
71.9 77.2 2
71.95 77.2 2
72 77.2 2
72.05 77.2 2
72.1 77.2 2
72.15 77.2 2
72.2 77.2 2
72.25 77.2 2
72.3 77.2 2
72.35 77.2 2
72.4 77.2 2
72.45 77.2 2
72.5 77.2 2
72.55 77.2 2
72.6 77.2 2
72.65 77.2 2
72.7 77.2 2
72.75 77.2 2
72.8 77.2 2
72.85 77.2 2
72.9 77.2 2
72.95 77.2 2
73 77.2 2
73.05 77.2 2
73.1 77.2 2
73.15 77.2 2
73.2 77.2 2
73.25 77.2 2
73.3 77.2 2
73.35 77.2 2
73.4 77.2 2
73.45 77.2 2
73.5 77.2 2
73.55 77.2 2
73.6 77.2 2
73.65 77.2 2
73.7 77.2 2
73.75 77.2 2
73.8 77.2 2
73.85 77.2 2
73.9 77.2 2
73.95 77.2 2
74 77.2 2
74.05 77.2 2
74.1 77.2 2
74.15 77.2 2
74.2 77.2 2
74.25 77.2 2
74.3 77.2 2
74.35 77.2 2
74.4 77.2 2
74.45 77.2 2
74.5 77.2 2
74.55 77.2 2
74.6 77.2 2
74.65 77.2 2
74.7 77.2 2
74.75 77.2 2
74.8 77.2 2
74.85 77.2 2
74.9 77.2 2
74.95 77.2 2
75 77.2 2
75.05 77.2 2
75.1 77.2 2
75.15 77.2 2
75.2 77.2 2
75.25 77.2 2
75.3 77.2 2
75.35 77.2 2
75.4 77.2 2
75.45 77.2 2
75.5 77.2 2
75.55 77.2 2
75.6 77.2 2
75.65 77.2 2
75.7 77.2 2
75.75 77.2 2
75.8 77.2 2
75.85 77.2 2
75.9 77.2 2
75.95 77.2 2
76 77.2 2
76.05 77.2 2
76.1 77.2 2
76.15 77.2 2
76.2 77.2 2
76.25 77.2 2
76.3 77.2 2
76.35 77.2 2
76.4 77.2 2
76.45 77.2 2
76.5 77.2 2
76.55 77.2 2
76.6 77.2 2
76.65 77.2 2
76.7 77.2 2
76.75 77.2 2
76.8 77.2 2
76.85 77.2 2
76.9 77.2 2
76.95 77.2 2
77 77.2 2
77.05 77.2 2
77.1 77.2 2
77.15 77.2 2
77.2 77.2 2
77.25 77.2 2
77.3 77.2 2
77.35 77.2 2
77.4 77.2 2
77.45 77.2 2
77.5 77.2 2
77.55 77.2 2
77.6 77.2 2
77.65 77.2 2
77.7 77.2 2
77.75 77.2 2
77.8 77.2 2
77.85 77.2 2
77.9 77.2 2
77.95 77.2 2
78 77.2 2
78.05 77.2 2
78.1 77.2 2
78.15 77.2 2
78.2 77.2 2
78.25 77.2 2
78.3 77.2 2
78.35 77.2 2
78.4 77.2 2
78.45 77.2 2
78.5 77.2 2
78.55 77.2 2
78.6 77.2 2
78.65 77.2 2
78.7 77.2 2
78.75 77.2 2
78.8 77.2 2
78.85 77.2 2
78.9 77.2 2
78.95 77.2 2
79 77.2 2
79.05 77.2 2
79.1 77.2 2
79.15 77.2 2
79.2 77.2 2
79.25 77.2 2
79.3 77.2 2
79.35 77.2 2
79.4 77.2 2
79.45 77.2 2
79.5 77.2 2
79.55 77.2 2
79.6 77.2 2
79.65 77.2 2
79.7 77.2 2
79.75 77.2 2
79.8 77.2 2
79.85 77.2 2
79.9 77.2 2
79.95 77.2 2
80 77.2 2
80.05 77.2 2
80.1 77.2 2
80.15 77.2 2
80.2 77.2 2
80.25 77.2 2
80.3 77.2 2
80.35 77.2 2
80.4 77.2 2
80.45 77.2 2
80.5 77.2 2
80.55 77.2 2
80.6 77.2 2
80.65 77.2 2
80.7 77.2 2
80.75 77.2 2
80.8 77.2 2
80.85 77.15 2
80.9 77.1 2
80.95 77.05 2
81 77 2
81.05 76.95 2
81.1 76.9 2
81.15 76.85 2
81.2 76.8 2
81.25 76.75 2
81.3 76.7 2
81.35 76.65 2
81.4 76.65 2
81.45 76.65 2
81.45 76.65 0
81.5 76.6 0
81.55 76.55 0
81.6 76.5 0
81.65 76.45 0
81.7 76.4 0
81.75 76.35 0
81.8 76.3 0
81.85 76.25 0
81.9 76.2 0
81.95 76.15 0
82 76.1 0
82.05 76.05 0
82.1 76 0
82.15 76 0
PATH 67 431
53.15 77 0
53.2 77 0
53.25 77 0
53.3 77 0
53.35 77 0
53.4 77 0
53.45 77 0
53.5 77 0
53.55 77 0
53.6 77 0
53.65 77 0
53.7 77 0
53.75 77 0
53.8 77 0
53.85 77 0
53.9 77 0
53.9 77 2
53.95 77 2
54 77 2
54.05 77 2
54.1 77 2
54.15 77 2
54.2 77 2
54.25 77 2
54.3 77 2
54.35 77 2
54.4 77 2
54.45 77 2
54.5 77 2
54.55 77 2
54.6 77 2
54.65 77 2
54.7 77 2
54.75 77 2
54.8 77 2
54.85 77 2
54.9 77 2
54.95 77 2
55 77 2
55.05 77 2
55.1 77 2
55.15 77 2
55.2 77 2
55.25 77 2
55.3 77 2
55.35 77 2
55.4 77 2
55.45 77 2
55.5 77 2
55.55 77 2
55.6 77 2
55.65 77 2
55.7 77 2
55.75 77 2
55.8 77 2
55.85 77 2
55.9 77 2
55.95 77 2
56 77 2
56.05 77 2
56.1 77 2
56.15 77 2
56.2 77 2
56.25 77 2
56.3 77 2
56.35 77 2
56.4 77 2
56.45 77 2
56.5 77 2
56.55 77 2
56.6 77 2
56.65 77 2
56.7 77 2
56.75 77 2
56.8 77 2
56.85 77 2
56.9 77 2
56.95 77 2
57 77 2
57.05 77 2
57.1 77 2
57.15 77 2
57.2 77 2
57.25 77 2
57.3 77 2
57.35 77 2
57.4 77 2
57.45 77 2
57.5 77 2
57.55 77 2
57.6 77 2
57.65 77 2
57.7 77 2
57.75 77 2
57.8 77 2
57.85 77 2
57.9 77 2
57.95 77 2
58 77 2
58.05 77 2
58.1 77 2
58.15 77 2
58.2 77 2
58.25 77 2
58.3 77 2
58.35 77 2
58.4 77 2
58.45 77 2
58.5 77 2
58.55 77 2
58.6 77 2
58.65 77 2
58.7 77 2
58.75 77 2
58.8 77 2
58.85 77 2
58.9 77 2
58.95 77 2
59 77 2
59.05 77 2
59.1 77 2
59.15 77 2
59.2 77 2
59.25 77 2
59.3 77 2
59.35 77 2
59.4 77 2
59.45 77 2
59.5 77 2
59.55 77 2
59.6 77 2
59.65 77 2
59.7 77 2
59.75 77 2
59.8 77 2
59.85 77 2
59.9 77 2
59.95 77 2
60 77 2
60.05 77 2
60.1 77 2
60.15 77 2
60.2 77 2
60.25 77 2
60.3 77 2
60.35 77 2
60.4 77 2
60.45 77 2
60.5 77 2
60.55 77 2
60.6 77 2
60.65 77 2
60.7 77 2
60.75 77 2
60.8 77 2
60.85 77 2
60.9 77 2
60.95 77 2
61 77 2
61.05 77 2
61.1 77 2
61.15 77 2
61.2 77 2
61.25 77 2
61.3 77 2
61.35 77 2
61.4 77 2
61.45 77 2
61.5 77 2
61.55 77 2
61.6 77 2
61.65 77 2
61.7 77 2
61.75 77 2
61.8 77 2
61.85 77 2
61.9 77 2
61.95 77 2
62 77 2
62.05 77 2
62.1 77 2
62.15 77 2
62.2 77 2
62.25 77 2
62.3 77 2
62.35 77 2
62.4 77 2
62.45 77 2
62.5 77 2
62.55 77 2
62.6 77 2
62.65 77 2
62.7 77 2
62.75 77 2
62.8 77 2
62.85 77 2
62.9 77 2
62.95 77 2
63 77 2
63.05 77.05 2
63.1 77.1 2
63.15 77.15 2
63.2 77.2 2
63.25 77.25 2
63.3 77.3 2
63.35 77.35 2
63.4 77.4 2
63.45 77.45 2
63.5 77.5 2
63.55 77.55 2
63.6 77.55 2
63.65 77.6 2
63.7 77.6 2
63.75 77.6 2
63.8 77.6 2
63.85 77.65 2
63.9 77.65 2
63.95 77.65 2
64 77.65 2
64.05 77.65 2
64.1 77.65 2
64.15 77.65 2
64.2 77.65 2
64.25 77.65 2
64.3 77.65 2
64.35 77.65 2
64.4 77.65 2
64.45 77.65 2
64.5 77.65 2
64.55 77.65 2
64.6 77.65 2
64.65 77.65 2
64.7 77.65 2
64.75 77.65 2
64.8 77.65 2
64.85 77.65 2
64.9 77.65 2
64.95 77.65 2
65 77.65 2
65.05 77.65 2
65.1 77.65 2
65.15 77.65 2
65.2 77.65 2
65.25 77.65 2
65.3 77.65 2
65.35 77.65 2
65.4 77.65 2
65.45 77.65 2
65.5 77.65 2
65.55 77.65 2
65.6 77.65 2
65.65 77.65 2
65.7 77.65 2
65.75 77.65 2
65.8 77.65 2
65.85 77.65 2
65.9 77.65 2
65.95 77.65 2
66 77.65 2
66.05 77.65 2
66.1 77.65 2
66.15 77.65 2
66.2 77.65 2
66.25 77.65 2
66.3 77.65 2
66.35 77.65 2
66.4 77.65 2
66.45 77.65 2
66.5 77.65 2
66.55 77.65 2
66.6 77.65 2
66.65 77.65 2
66.7 77.65 2
66.75 77.65 2
66.8 77.65 2
66.85 77.65 2
66.9 77.65 2
66.95 77.65 2
67 77.65 2
67.05 77.65 2
67.1 77.65 2
67.15 77.65 2
67.2 77.65 2
67.25 77.65 2
67.3 77.65 2
67.35 77.65 2
67.4 77.65 2
67.45 77.65 2
67.5 77.65 2
67.55 77.65 2
67.6 77.65 2
67.65 77.65 2
67.7 77.65 2
67.75 77.65 2
67.8 77.65 2
67.85 77.65 2
67.9 77.65 2
67.95 77.65 2
68 77.65 2
68.05 77.65 2
68.1 77.65 2
68.15 77.65 2
68.2 77.65 2
68.25 77.65 2
68.3 77.65 2
68.35 77.65 2
68.4 77.65 2
68.45 77.65 2
68.5 77.65 2
68.55 77.65 2
68.6 77.65 2
68.65 77.65 2
68.7 77.65 2
68.75 77.65 2
68.8 77.65 2
68.85 77.65 2
68.9 77.65 2
68.95 77.65 2
69 77.65 2
69.05 77.65 2
69.1 77.65 2
69.15 77.65 2
69.2 77.65 2
69.25 77.65 2
69.3 77.65 2
69.35 77.65 2
69.4 77.65 2
69.45 77.65 2
69.5 77.65 2
69.55 77.65 2
69.6 77.65 2
69.65 77.65 2
69.7 77.65 2
69.75 77.65 2
69.8 77.7 2
69.8 77.7 0
69.85 77.65 0
69.9 77.6 0
69.95 77.55 0
70 77.5 0
70.05 77.45 0
70.1 77.45 0
70.15 77.45 0
70.2 77.45 0
70.25 77.4 0
70.3 77.35 0
70.35 77.3 0
70.4 77.3 0
70.45 77.3 0
70.5 77.3 0
70.55 77.3 0
70.6 77.3 0
70.65 77.3 0
70.7 77.3 0
70.75 77.3 0
70.8 77.25 0
70.85 77.25 0
70.9 77.25 0
70.95 77.25 0
71 77.25 0
71.05 77.2 0
71.1 77.2 0
71.15 77.2 0
71.2 77.2 0
71.25 77.2 0
71.3 77.2 0
71.35 77.2 0
71.4 77.2 0
71.45 77.2 0
71.5 77.2 0
71.55 77.2 0
71.6 77.2 0
71.65 77.2 0
71.7 77.2 0
71.75 77.2 0
71.8 77.2 0
71.85 77.2 0
71.9 77.2 0
71.95 77.2 0
72 77.2 0
72.05 77.2 0
72.1 77.2 0
72.15 77.2 0
72.2 77.2 0
72.25 77.2 0
72.3 77.2 0
72.35 77.2 0
72.4 77.2 0
72.45 77.2 0
72.5 77.2 0
72.55 77.2 0
72.6 77.2 0
72.65 77.2 0
72.7 77.2 0
72.75 77.2 0
72.8 77.2 0
72.85 77.2 0
72.9 77.2 0
72.95 77.2 0
73 77.2 0
73.05 77.2 0
73.1 77.2 0
73.15 77.2 0
73.2 77.2 0
73.25 77.15 0
73.3 77.1 0
73.35 77.05 0
73.4 77 0
73.45 76.95 0
73.5 76.9 0
73.55 76.85 0
73.6 76.8 0
73.65 76.75 0
73.7 76.7 0
73.75 76.65 0
73.8 76.6 0
73.85 76.55 0
73.9 76.5 0
73.95 76.45 0
74 76.4 0
74.05 76.35 0
74.1 76.3 0
74.15 76.25 0
74.2 76.2 0
74.25 76.15 0
74.3 76.1 0
74.35 76.05 0
74.4 76 0
74.45 76 0
74.5 76 0
74.55 76 0
PATH 68 432
58.15 77 0
58.2 76.95 0
58.25 76.9 0
58.3 76.85 0
58.35 76.8 0
58.4 76.75 0
58.45 76.7 0
58.5 76.65 0
58.55 76.6 0
58.6 76.55 0
58.65 76.5 0
58.7 76.45 0
58.75 76.4 0
58.8 76.35 0
58.85 76.3 0
58.85 76.3 1
58.9 76.35 1
58.95 76.4 1
59 76.45 1
59.05 76.5 1
59.1 76.55 1
59.15 76.6 1
59.2 76.65 1
59.25 76.7 1
59.3 76.75 1
59.35 76.8 1
59.4 76.85 1
59.45 76.9 1
59.5 76.95 1
59.55 77 1
59.6 77.05 1
59.65 77.1 1
59.7 77.15 1
59.75 77.2 1
59.8 77.25 1
59.85 77.3 1
59.9 77.35 1
59.95 77.4 1
60 77.45 1
60.05 77.5 1
60.1 77.55 1
60.15 77.6 1
60.2 77.65 1
60.25 77.7 1
60.3 77.75 1
60.35 77.8 1
60.4 77.85 1
60.45 77.9 1
60.5 77.95 1
60.55 78 1
60.6 78.05 1
60.65 78.1 1
60.7 78.15 1
60.75 78.2 1
60.8 78.25 1
60.85 78.3 1
60.9 78.35 1
60.95 78.4 1
61 78.45 1
61.05 78.5 1
61.05 78.5 0
61.1 78.45 0
61.15 78.45 0
61.2 78.45 0
61.25 78.45 0
61.3 78.45 0
61.35 78.45 0
61.4 78.45 0
61.45 78.45 0
61.5 78.45 0
61.55 78.45 0
61.6 78.45 0
61.65 78.45 0
61.7 78.45 0
61.75 78.45 0
61.8 78.45 0
61.85 78.45 0
61.9 78.45 0
61.95 78.45 0
62 78.45 0
62.05 78.45 0
62.1 78.45 0
62.15 78.45 0
62.2 78.45 0
62.25 78.45 0
62.3 78.45 0
62.35 78.45 0
62.4 78.45 0
62.45 78.45 0
62.5 78.45 0
62.55 78.45 0
62.6 78.45 0
62.65 78.45 0
62.7 78.45 0
62.75 78.45 0
62.8 78.45 0
62.85 78.45 0
62.9 78.45 0
62.95 78.45 0
63 78.45 0
63.05 78.45 0
63.1 78.45 0
63.15 78.45 0
63.2 78.45 0
63.25 78.45 0
63.3 78.45 0
63.35 78.45 0
63.4 78.45 0
63.45 78.45 0
63.5 78.45 0
63.55 78.45 0
63.6 78.45 0
63.65 78.45 0
63.7 78.45 0
63.75 78.45 0
63.8 78.45 0
63.85 78.45 0
63.9 78.45 0
63.95 78.45 0
64 78.45 0
64.05 78.45 0
64.1 78.45 0
64.15 78.45 0
64.2 78.45 0
64.25 78.45 0
64.3 78.45 0
64.35 78.45 0
64.4 78.45 0
64.45 78.45 0
64.5 78.45 0
64.55 78.45 0
64.6 78.45 0
64.65 78.45 0
64.7 78.45 0
64.75 78.45 0
64.8 78.45 0
64.85 78.45 0
64.9 78.4 0
64.95 78.4 0
65 78.4 0
65.05 78.4 0
65.1 78.4 0
65.15 78.4 0
65.2 78.4 0
65.25 78.4 0
65.3 78.4 0
65.35 78.4 0
65.4 78.4 0
65.45 78.4 0
65.5 78.4 0
65.55 78.4 0
65.6 78.4 0
65.65 78.4 0
65.7 78.4 0
65.75 78.4 0
65.8 78.4 0
65.85 78.4 0
65.9 78.4 0
65.95 78.4 0
66 78.4 0
66.05 78.4 0
66.1 78.4 0
66.15 78.4 0
66.2 78.4 0
66.25 78.4 0
66.3 78.4 0
66.35 78.4 0
66.4 78.4 0
66.45 78.4 0
66.5 78.4 0
66.55 78.4 0
66.6 78.4 0
66.65 78.4 0
66.7 78.4 0
66.75 78.4 0
66.8 78.4 0
66.85 78.4 0
66.9 78.4 0
66.95 78.4 0
67 78.4 0
67.05 78.4 0
67.1 78.4 0
67.15 78.4 0
67.2 78.4 0
67.25 78.4 0
67.3 78.4 0
67.35 78.4 0
67.4 78.4 0
67.45 78.4 0
67.5 78.4 0
67.55 78.4 0
67.6 78.4 0
67.65 78.4 0
67.7 78.4 0
67.75 78.4 0
67.8 78.4 0
67.85 78.4 0
67.9 78.4 0
67.95 78.4 0
68 78.4 0
68.05 78.4 0
68.1 78.4 0
68.15 78.4 0
68.2 78.4 0
68.25 78.4 0
68.3 78.4 0
68.35 78.4 0
68.4 78.4 0
68.45 78.4 0
68.5 78.4 0
68.55 78.4 0
68.6 78.4 0
68.65 78.4 0
68.7 78.4 0
68.75 78.4 0
68.8 78.4 0
68.85 78.4 0
68.9 78.4 0
68.95 78.4 0
69 78.4 0
69.05 78.4 0
69.1 78.4 0
69.15 78.4 0
69.2 78.4 0
69.25 78.4 0
69.3 78.4 0
69.35 78.4 0
69.4 78.4 0
69.45 78.4 0
69.5 78.4 0
69.55 78.4 0
69.6 78.35 0
69.65 78.35 0
69.7 78.35 0
69.75 78.35 0
69.8 78.35 0
69.85 78.35 0
69.9 78.3 0
69.95 78.3 0
70 78.3 0
70.05 78.3 0
70.1 78.25 0
70.15 78.25 0
70.2 78.2 0
70.25 78.15 0
70.3 78.1 0
70.35 78.1 0
70.4 78.1 0
70.45 78.1 0
70.5 78.1 0
70.55 78.1 0
70.6 78.1 0
70.65 78.1 0
70.7 78.1 0
70.75 78.1 0
70.8 78.1 0
70.85 78.1 0
70.9 78.1 0
70.95 78.1 0
71 78.1 0
71.05 78.1 0
71.1 78.1 0
71.15 78.1 0
71.2 78.1 0
71.25 78.1 0
71.3 78.1 0
71.35 78.1 0
71.4 78.1 0
71.45 78.1 0
71.5 78.1 0
71.55 78.1 0
71.6 78.1 0
71.65 78.1 0
71.7 78.1 0
71.75 78.1 0
71.8 78.1 0
71.85 78.1 0
71.9 78.1 0
71.95 78.1 0
72 78.1 0
72.05 78.1 0
72.1 78.1 0
72.15 78.1 0
72.2 78.1 0
72.25 78.1 0
72.3 78.1 0
72.35 78.1 0
72.4 78.1 0
72.45 78.1 0
72.5 78.1 0
72.55 78.1 0
72.6 78.1 0
72.65 78.1 0
72.7 78.1 0
72.75 78.1 0
72.8 78.1 0
72.85 78.1 0
72.9 78.1 0
72.95 78.1 0
73 78.1 0
73.05 78.1 0
73.1 78.1 0
73.15 78.1 0
73.2 78.1 0
73.25 78.1 0
73.3 78.1 0
73.35 78.1 0
73.4 78.1 0
73.45 78.1 0
73.5 78.1 0
73.55 78.1 0
73.6 78.1 0
73.65 78.1 0
73.7 78.1 0
73.75 78.1 0
73.8 78.1 0
73.85 78.1 0
73.9 78.1 0
73.95 78.1 0
74 78.1 0
74.05 78.1 0
74.1 78.1 0
74.15 78.1 0
74.2 78.1 0
74.25 78.1 0
74.3 78.1 0
74.35 78.1 0
74.4 78.1 0
74.45 78.1 0
74.5 78.1 0
74.55 78.1 0
74.6 78.1 0
74.65 78.1 0
74.7 78.1 0
74.75 78.1 0
74.8 78.1 0
74.85 78.1 0
74.9 78.1 0
74.95 78.1 0
75 78.1 0
75.05 78.1 0
75.1 78.1 0
75.15 78.1 0
75.2 78.1 0
75.25 78.1 0
75.3 78.1 0
75.35 78.1 0
75.4 78.1 0
75.45 78.1 0
75.5 78.1 0
75.55 78.1 0
75.6 78.1 0
75.65 78.1 0
75.7 78.1 0
75.75 78.1 0
75.8 78.1 0
75.85 78.1 0
75.9 78.1 0
75.95 78.1 0
76 78.1 0
76.05 78.1 0
76.1 78.1 0
76.15 78.1 0
76.2 78.1 0
76.25 78.1 0
76.3 78.1 0
76.35 78.1 0
76.4 78.1 0
76.45 78.1 0
76.5 78.1 0
76.55 78.1 0
76.6 78.05 0
76.65 78 0
76.7 77.95 0
76.75 77.9 0
76.8 77.85 0
76.85 77.8 0
76.9 77.75 0
76.95 77.7 0
77 77.65 0
77.05 77.6 0
77.1 77.55 0
77.15 77.5 0
77.2 77.45 0
77.25 77.4 0
77.3 77.35 0
77.35 77.3 0
77.4 77.25 0
77.45 77.2 0
77.5 77.2 0
77.55 77.2 0
77.6 77.2 0
77.65 77.2 0
77.7 77.2 0
77.75 77.2 0
77.8 77.2 0
77.85 77.2 0
77.9 77.2 0
77.95 77.2 0
78 77.2 0
78.05 77.2 0
78.1 77.2 0
78.15 77.2 0
78.2 77.2 0
78.25 77.2 0
78.3 77.15 0
78.35 77.1 0
78.4 77.05 0
78.45 77 0
78.5 76.95 0
78.55 76.9 0
78.6 76.85 0
78.65 76.8 0
78.7 76.75 0
78.75 76.7 0
78.8 76.65 0
78.85 76.6 0
78.9 76.55 0
78.95 76.5 0
79 76.45 0
79.05 76.4 0
79.1 76.35 0
79.15 76.3 0
79.2 76.25 0
79.25 76.2 0
79.3 76.15 0
79.35 76.1 0
79.4 76.05 0
79.45 76 0
79.5 76 0
79.55 76 0
79.6 76 0
