PATH 29 677
72.85 12 0
72.8 12.05 0
72.75 12.1 0
72.75 12.1 2
72.7 12.05 2
72.65 12 2
72.6 11.95 2
72.55 11.9 2
72.5 11.85 2
72.45 11.8 2
72.4 11.75 2
72.35 11.7 2
72.3 11.65 2
72.25 11.6 2
72.2 11.55 2
72.15 11.5 2
72.1 11.45 2
72.1 11.4 2
72.05 11.35 2
72 11.3 2
71.95 11.25 2
71.9 11.2 2
71.85 11.15 2
71.8 11.1 2
71.75 11.05 2
71.7 11 2
71.65 10.95 2
71.6 10.9 2
71.55 10.85 2
71.5 10.8 2
71.5 10.75 2
71.5 10.7 2
71.5 10.65 2
71.5 10.6 2
71.5 10.55 2
71.5 10.5 2
71.5 10.45 2
71.5 10.4 2
71.5 10.35 2
71.5 10.3 2
71.5 10.25 2
71.5 10.2 2
71.5 10.15 2
71.5 10.1 2
71.5 10.05 2
71.5 10 2
71.5 9.95 2
71.5 9.9 2
71.5 9.9 0
71.45 9.85 0
71.4 9.8 0
71.35 9.75 0
71.3 9.7 0
71.3 9.65 0
71.3 9.6 0
71.3 9.55 0
71.3 9.5 0
71.3 9.45 0
71.3 9.4 0
71.3 9.35 0
71.3 9.3 0
71.3 9.25 0
71.3 9.2 0
71.3 9.15 0
71.3 9.1 0
71.3 9.05 0
71.3 9 0
71.3 8.95 0
71.3 8.9 0
71.3 8.85 0
71.3 8.8 0
71.3 8.75 0
71.3 8.7 0
71.3 8.65 0
71.3 8.6 0
71.3 8.55 0
71.3 8.5 0
71.3 8.45 0
71.3 8.4 0
71.3 8.35 0
71.3 8.3 0
71.3 8.25 0
71.3 8.2 0
71.3 8.15 0
71.3 8.1 0
71.3 8.05 0
71.3 8 0
71.3 7.95 0
71.3 7.9 0
71.3 7.85 0
71.3 7.8 0
71.3 7.75 0
71.3 7.7 0
71.3 7.65 0
71.3 7.6 0
71.3 7.55 0
71.3 7.5 0
71.3 7.45 0
71.3 7.4 0
71.3 7.35 0
71.3 7.3 0
71.3 7.25 0
71.3 7.2 0
71.3 7.15 0
71.3 7.1 0
71.25 7.05 0
71.25 7 0
71.25 6.95 0
71.25 6.9 0
71.2 6.85 0
71.15 6.8 0
71.1 6.75 0
71.1 6.7 0
71.05 6.65 0
71 6.6 0
70.95 6.55 0
70.9 6.5 0
70.85 6.45 0
70.8 6.4 0
70.75 6.35 0
70.7 6.3 0
70.65 6.25 0
70.6 6.2 0
70.55 6.15 0
70.55 6.1 0
70.5 6.05 0
70.45 6 0
70.4 5.95 0
70.35 5.9 0
70.3 5.85 0
70.25 5.8 0
70.2 5.75 0
70.15 5.7 0
70.1 5.65 0
70.05 5.6 0
70 5.55 0
69.95 5.5 0
69.9 5.45 0
69.85 5.4 0
69.8 5.35 0
69.75 5.3 0
69.7 5.25 0
69.65 5.2 0
69.6 5.15 0
69.55 5.1 0
69.5 5.05 0
69.45 5 0
69.4 4.95 0
69.35 4.9 0
69.3 4.85 0
69.25 4.8 0
69.2 4.75 0
69.15 4.7 0
69.1 4.65 0
69.05 4.6 0
69 4.55 0
68.95 4.5 0
68.9 4.45 0
68.85 4.4 0
68.8 4.35 0
68.75 4.3 0
68.7 4.25 0
68.65 4.2 0
68.6 4.15 0
68.55 4.1 0
68.5 4.05 0
68.45 4 0
68.4 3.95 0
68.35 3.9 0
68.3 3.85 0
68.25 3.8 0
68.2 3.75 0
68.15 3.7 0
68.1 3.65 0
68.05 3.6 0
68.05 3.55 0
68.05 3.5 0
68.05 3.45 0
68.05 3.4 0
68.05 3.35 0
68.05 3.3 0
68.05 3.25 0
68.05 3.2 0
68.05 3.15 0
68.05 3.1 0
68.05 3.05 0
68.05 3 0
68 3 0
67.95 3 0
67.9 3 0
67.85 3 0
67.8 3 0
67.75 3 0
67.7 3 0
67.65 3 0
67.6 3 0
67.55 3 0
67.5 3 0
67.45 3 0
67.4 3 0
67.35 3 0
67.3 3 0
67.25 3 0
67.2 3 0
67.15 3 0
67.1 3 0
67.05 3 0
67 3 0
66.95 3 0
66.9 3 0
66.85 3 0
66.8 3 0
66.75 3 0
66.7 3 0
66.65 3 0
66.6 3 0
66.55 3 0
66.5 3 0
66.45 3 0
66.4 3 0
66.35 3 0
66.3 3 0
66.25 3 0
66.2 2.95 0
66.15 2.9 0
66.1 2.85 0
66.05 2.8 0
66 2.75 0
65.95 2.7 0
65.9 2.65 0
65.85 2.6 0
65.8 2.6 0
65.75 2.55 0
65.7 2.5 0
65.65 2.45 0
65.6 2.4 0
65.55 2.35 0
65.5 2.3 0
65.45 2.25 0
65.4 2.2 0
65.35 2.15 0
65.3 2.1 0
65.25 2.1 0
65.2 2.1 0
65.15 2.1 0
65.1 2.05 0
65.05 2.05 0
65 2.05 0
64.95 2.05 0
64.9 2.05 0
64.85 2.05 0
64.8 2.05 0
64.75 2.05 0
64.7 2.05 0
64.65 2.05 0
64.6 2 0
64.55 2 0
64.5 2 0
64.45 2 0
64.4 2 0
64.35 2 0
64.3 2 0
64.25 2 0
64.2 2 0
64.15 2 0
64.1 2 0
64.05 2 0
64 2 0
63.95 2 0
63.9 2 0
63.85 2 0
63.8 2 0
63.75 2 0
63.7 2 0
63.65 2 0
63.6 2 0
63.55 2 0
63.5 2 0
63.45 2 0
63.4 2 0
63.35 2 0
63.3 2 0
63.25 2 0
63.2 2 0
63.15 2 0
63.1 2 0
63.05 2 0
63 2 0
62.95 2 0
62.9 2 0
62.85 2 0
62.8 2 0
62.75 2 0
62.7 2 0
62.65 2 0
62.6 2 0
62.55 2 0
62.5 2 0
62.45 2 0
62.4 1.95 0
62.35 1.9 0
62.3 1.85 0
62.25 1.8 0
62.2 1.75 0
62.15 1.7 0
62.1 1.65 0
62.05 1.65 0
62 1.65 0
61.95 1.65 0
61.9 1.65 0
61.85 1.65 0
61.8 1.65 0
61.75 1.65 0
61.7 1.65 0
61.65 1.65 0
61.6 1.65 0
61.55 1.65 0
61.5 1.65 0
61.45 1.65 0
61.4 1.65 0
61.35 1.65 0
61.3 1.65 0
61.25 1.65 0
61.2 1.65 0
61.15 1.65 0
61.1 1.65 0
61.05 1.65 0
61 1.65 0
60.95 1.65 0
60.9 1.65 0
60.85 1.65 0
60.8 1.65 0
60.75 1.65 0
60.7 1.65 0
60.65 1.65 0
60.6 1.65 0
60.55 1.65 0
60.5 1.65 0
60.45 1.65 0
60.4 1.65 0
60.35 1.65 0
60.3 1.65 0
60.25 1.65 0
60.2 1.65 0
60.15 1.65 0
60.1 1.65 0
60.05 1.65 0
60 1.65 0
59.95 1.65 0
59.9 1.65 0
59.85 1.65 0
59.8 1.65 0
59.75 1.65 0
59.7 1.65 0
59.65 1.65 0
59.6 1.65 0
59.55 1.65 0
59.5 1.65 0
59.45 1.65 0
59.4 1.65 0
59.35 1.65 0
59.3 1.65 0
59.25 1.65 0
59.2 1.7 0
59.15 1.75 0
59.1 1.8 0
59.05 1.85 0
59 1.9 0
58.95 1.95 0
58.9 2 0
58.85 2.05 0
58.8 2.1 0
58.75 2.15 0
58.7 2.2 0
58.65 2.25 0
58.6 2.3 0
58.55 2.3 0
58.5 2.3 0
58.45 2.3 0
58.4 2.3 0
58.35 2.3 0
58.3 2.3 0
58.25 2.3 0
58.2 2.3 0
58.15 2.3 0
58.1 2.3 0
58.05 2.3 0
58 2.3 0
57.95 2.3 0
57.9 2.3 0
57.85 2.3 0
57.8 2.3 0
57.75 2.3 0
57.7 2.3 0
57.65 2.3 0
57.6 2.3 0
57.55 2.3 0
57.5 2.3 0
57.45 2.3 0
57.4 2.3 0
57.35 2.3 0
57.3 2.3 0
57.25 2.3 0
57.2 2.3 0
57.15 2.3 0
57.1 2.3 0
57.05 2.3 0
57 2.3 0
56.95 2.3 0
56.9 2.3 0
56.85 2.3 0
56.8 2.3 0
56.75 2.3 0
56.7 2.3 0
56.65 2.3 0
56.6 2.3 0
56.55 2.3 0
56.5 2.3 0
56.45 2.3 0
56.4 2.3 0
56.35 2.3 0
56.3 2.3 0
56.25 2.3 0
56.2 2.3 0
56.15 2.3 0
56.1 2.3 0
56.05 2.3 0
56 2.3 0
55.95 2.3 0
55.9 2.3 0
55.85 2.3 0
55.8 2.3 0
55.75 2.3 0
55.7 2.3 0
55.65 2.3 0
55.6 2.3 0
55.55 2.3 0
55.5 2.3 0
55.45 2.3 0
55.4 2.3 0
55.35 2.3 0
55.3 2.3 0
55.25 2.3 0
55.2 2.3 0
55.15 2.3 0
55.1 2.3 0
55.05 2.3 0
55 2.3 0
54.95 2.3 0
54.9 2.3 0
54.85 2.3 0
54.8 2.3 0
54.75 2.3 0
54.7 2.3 0
54.65 2.3 0
54.6 2.3 0
54.55 2.3 0
54.5 2.3 0
54.45 2.3 0
54.4 2.3 0
54.35 2.3 0
54.3 2.3 0
54.25 2.3 0
54.2 2.3 0
54.15 2.3 0
54.1 2.3 0
54.05 2.3 0
54 2.3 0
53.95 2.3 0
53.9 2.3 0
53.85 2.3 0
53.8 2.3 0
53.75 2.3 0
53.7 2.3 0
53.65 2.3 0
53.6 2.3 0
53.55 2.3 0
53.5 2.3 0
53.45 2.3 0
53.4 2.3 0
53.35 2.3 0
53.3 2.3 0
53.25 2.3 0
53.2 2.3 0
53.15 2.3 0
53.1 2.3 0
53.05 2.3 0
53 2.3 0
52.95 2.3 0
52.9 2.3 0
52.85 2.3 0
52.8 2.3 0
52.75 2.3 0
52.7 2.3 0
52.65 2.3 0
52.6 2.3 0
52.55 2.3 0
52.5 2.3 0
52.45 2.3 0
52.4 2.3 0
52.35 2.3 0
52.3 2.3 0
52.25 2.3 0
52.2 2.3 0
52.15 2.3 0
52.1 2.3 0
52.05 2.3 0
52 2.3 0
51.95 2.3 0
51.9 2.3 0
51.85 2.3 0
51.8 2.3 0
51.75 2.3 0
51.7 2.3 0
51.65 2.3 0
51.6 2.3 0
51.55 2.3 0
51.5 2.3 0
51.45 2.3 0
51.4 2.3 0
51.35 2.3 0
51.3 2.3 0
51.25 2.3 0
51.2 2.3 0
51.15 2.3 0
51.1 2.3 0
51.05 2.3 0
51 2.3 0
50.95 2.3 0
50.9 2.3 0
50.85 2.3 0
50.8 2.3 0
50.75 2.3 0
50.7 2.3 0
50.65 2.3 0
50.6 2.3 0
50.55 2.3 0
50.5 2.3 0
50.45 2.3 0
50.4 2.3 0
50.35 2.3 0
50.3 2.3 0
50.25 2.3 0
50.2 2.3 0
50.15 2.3 0
50.1 2.3 0
50.05 2.3 0
50 2.3 0
49.95 2.3 0
49.9 2.3 0
49.85 2.3 0
49.8 2.3 0
49.75 2.3 0
49.7 2.3 0
49.65 2.3 0
49.6 2.3 0
49.55 2.3 0
49.5 2.3 0
49.45 2.3 0
49.4 2.3 0
49.35 2.3 0
49.3 2.3 0
49.25 2.3 0
49.2 2.3 0
49.15 2.3 0
49.1 2.3 0
49.05 2.3 0
49 2.3 0
48.95 2.3 0
48.9 2.3 0
48.85 2.3 0
48.8 2.3 0
48.75 2.3 0
48.7 2.3 0
48.65 2.3 0
48.6 2.3 0
48.55 2.3 0
48.5 2.35 0
48.45 2.4 0
48.4 2.45 0
48.35 2.5 0
48.3 2.5 0
48.25 2.5 0
48.2 2.5 0
48.15 2.5 0
48.1 2.5 0
48.05 2.5 0
48 2.5 0
47.95 2.5 0
47.9 2.5 0
47.85 2.5 0
47.8 2.5 0
47.75 2.5 0
47.7 2.5 0
47.65 2.5 0
47.6 2.5 0
47.55 2.5 0
47.5 2.5 0
47.45 2.5 0
47.4 2.5 0
47.35 2.5 0
47.3 2.5 0
47.25 2.5 0
47.2 2.5 0
47.15 2.55 0
47.1 2.55 0
47.05 2.55 0
47 2.55 0
46.95 2.6 0
46.9 2.65 0
46.85 2.7 0
46.8 2.75 0
46.75 2.8 0
46.7 2.85 0
46.65 2.9 0
46.6 2.95 0
46.55 3 0
46.5 3.05 0
46.45 3.1 0
46.4 3.15 0
46.35 3.2 0
46.3 3.25 0
46.25 3.3 0
46.2 3.35 0
46.15 3.4 0
46.1 3.45 0
46.05 3.5 0
46 3.55 0
45.95 3.6 0
45.9 3.65 0
45.85 3.7 0
45.8 3.75 0
45.75 3.8 0
45.7 3.85 0
45.65 3.9 0
45.6 3.95 0
45.55 4 0
45.5 4.05 0
45.45 4.1 0
45.4 4.15 0
45.35 4.2 0
45.3 4.25 0
45.25 4.3 0
45.2 4.35 0
45.15 4.4 0
45.1 4.45 0
45.05 4.5 0
45 4.55 0
44.95 4.6 0
44.9 4.65 0
44.85 4.7 0
44.8 4.75 0
44.75 4.8 0
44.7 4.85 0
44.65 4.9 0
44.6 4.95 0
44.55 5 0
44.5 5.05 0
44.45 5.1 0
44.4 5.15 0
44.35 5.2 0
44.3 5.25 0
44.25 5.3 0
44.2 5.35 0
44.15 5.4 0
44.1 5.45 0
44.05 5.5 0
44 5.55 0
43.95 5.6 0
43.9 5.6 0
43.85 5.6 0
43.8 5.6 0
43.75 5.6 0
43.75 5.6 1
43.8 5.65 1
43.85 5.7 1
43.9 5.75 1
