PATH 3 172
21.45 65.05 0
21.4 65.05 0
21.35 65.05 0
21.3 65.05 0
21.25 65.05 0
21.2 65.05 0
21.15 65.05 0
21.1 65.05 0
21.05 65.05 0
21 65.05 0
20.95 65.05 0
20.9 65.05 0
20.85 65.05 0
20.8 65.05 0
20.75 65.05 0
20.7 65.05 0
20.65 65.05 0
20.6 65.05 0
20.55 65.05 0
20.5 65.05 0
20.45 65.05 0
20.4 65.05 0
20.35 65.05 0
20.3 65.05 0
20.25 65.1 0
20.2 65.15 0
20.15 65.2 0
20.1 65.25 0
20.05 65.25 0
20 65.25 0
19.95 65.3 0
19.9 65.35 0
19.85 65.4 0
19.8 65.45 0
19.75 65.5 0
19.7 65.55 0
19.65 65.6 0
19.6 65.6 0
19.55 65.6 0
19.5 65.6 0
19.45 65.6 0
19.4 65.6 0
19.35 65.6 0
19.3 65.6 0
19.25 65.6 0
19.2 65.6 0
19.15 65.6 0
19.1 65.6 0
19.05 65.6 0
19 65.65 0
19 65.65 2
18.95 65.7 2
18.9 65.7 2
18.85 65.7 2
18.8 65.7 2
18.75 65.7 2
18.7 65.75 2
18.65 65.75 2
18.6 65.75 2
18.55 65.75 2
18.5 65.75 2
18.45 65.75 2
18.4 65.75 2
18.35 65.8 2
18.3 65.85 2
18.25 65.9 2
18.2 65.9 2
18.15 65.9 2
18.1 65.95 2
18.05 66 2
18 66.05 2
17.95 66.1 2
17.9 66.15 2
17.85 66.2 2
17.8 66.2 2
17.75 66.2 2
17.7 66.2 2
17.65 66.2 2
17.6 66.2 2
17.55 66.2 2
17.5 66.25 2
17.45 66.25 2
17.4 66.25 2
17.35 66.3 2
17.3 66.3 2
17.25 66.3 2
17.2 66.3 2
17.15 66.3 2
17.1 66.35 2
17.05 66.4 2
17 66.4 2
16.95 66.4 2
16.9 66.4 2
16.85 66.4 2
16.8 66.4 2
16.75 66.4 2
16.7 66.4 2
16.65 66.4 2
16.6 66.4 2
16.55 66.4 2
16.5 66.4 2
16.45 66.4 2
16.4 66.4 2
16.35 66.4 2
16.3 66.4 2
16.25 66.4 2
16.2 66.4 2
16.15 66.4 2
16.1 66.4 2
16.05 66.4 2
16 66.4 2
15.95 66.4 2
15.9 66.4 2
15.85 66.4 2
15.8 66.4 2
15.75 66.4 2
15.7 66.4 2
15.65 66.4 2
15.6 66.45 2
15.55 66.5 2
15.5 66.55 2
15.45 66.6 2
15.4 66.65 2
15.35 66.7 2
15.3 66.75 2
15.25 66.8 2
15.2 66.85 2
15.15 66.9 2
15.1 66.95 2
15.05 67 2
15 67.05 2
14.95 67.1 2
14.9 67.15 2
14.85 67.2 2
14.8 67.25 2
14.75 67.3 2
14.7 67.35 2
14.65 67.4 2
14.6 67.45 2
14.55 67.5 2
14.5 67.55 2
14.45 67.6 2
14.4 67.65 2
14.35 67.7 2
14.3 67.75 2
14.25 67.8 2
14.2 67.85 2
14.15 67.9 2
14.1 67.95 2
14.05 68 2
14 68.05 2
13.95 68.1 2
13.9 68.15 2
13.85 68.2 2
13.8 68.25 2
13.75 68.3 2
13.7 68.35 2
13.7 68.35 0
13.65 68.4 0
13.6 68.45 0
13.55 68.5 0
13.5 68.55 0
13.45 68.6 0
13.4 68.6 0
13.35 68.65 0
13.3 68.7 0
13.25 68.75 0
13.2 68.8 0
13.15 68.85 0
13.1 68.9 0
13.05 68.95 0
13 69 0
PATH 3 189
30.85 68.05 0
30.8 68 0
30.75 67.95 0
30.7 67.9 0
30.65 67.85 0
30.6 67.8 0
30.55 67.8 0
30.5 67.8 0
30.45 67.8 0
30.4 67.75 0
30.35 67.75 0
30.3 67.7 0
30.25 67.65 0
30.2 67.6 0
30.15 67.55 0
30.1 67.5 0
30.05 67.45 0
30 67.4 0
29.95 67.35 0
29.9 67.3 0
29.85 67.25 0
29.8 67.2 0
29.75 67.15 0
29.7 67.1 0
29.65 67.05 0
29.6 67.05 0
29.55 67.05 0
29.5 67.05 0
29.45 67.05 0
29.4 67.05 0
29.35 67 0
29.3 66.95 0
29.25 66.9 0
29.2 66.9 0
29.15 66.9 0
29.1 66.9 0
29.05 66.9 0
29 66.9 0
28.95 66.9 0
28.9 66.9 0
28.85 66.9 0
28.8 66.9 0
28.75 66.9 0
28.7 66.9 0
28.65 66.9 0
28.6 66.85 0
28.55 66.85 0
28.5 66.85 0
28.45 66.85 0
28.4 66.85 0
28.35 66.85 0
28.3 66.85 0
28.25 66.85 0
28.2 66.85 0
28.15 66.85 0
28.1 66.85 0
28.05 66.85 0
28 66.85 0
27.95 66.85 0
27.9 66.85 0
27.85 66.85 0
27.8 66.85 0
27.75 66.85 0
27.7 66.85 0
27.65 66.85 0
27.6 66.85 0
27.55 66.85 0
27.5 66.85 0
27.45 66.85 0
27.4 66.85 0
27.35 66.85 0
27.3 66.85 0
27.25 66.85 0
27.2 66.85 0
27.15 66.85 0
27.1 66.85 0
27.05 66.85 0
27 66.85 0
26.95 66.85 0
26.9 66.85 0
26.85 66.85 0
26.8 66.85 0
26.75 66.85 0
26.7 66.85 0
26.65 66.85 0
26.6 66.85 0
26.55 66.85 0
26.5 66.85 0
26.45 66.85 0
26.4 66.85 0
26.35 66.85 0
26.3 66.85 0
26.25 66.85 0
26.2 66.85 0
26.15 66.85 0
26.1 66.85 0
26.05 66.85 0
26 66.85 0
25.95 66.85 0
25.9 66.85 0
25.85 66.85 0
25.8 66.85 0
25.75 66.85 0
25.7 66.85 0
25.65 66.85 0
25.6 66.85 0
25.55 66.85 0
25.5 66.85 0
25.45 66.85 0
25.4 66.85 0
25.35 66.85 0
25.3 66.85 0
25.25 66.85 0
25.2 66.85 0
25.15 66.85 0
25.1 66.85 0
25.05 66.85 0
25 66.85 0
24.95 66.85 0
24.9 66.85 0
24.85 66.85 0
24.8 66.85 0
24.75 66.85 0
24.7 66.85 0
24.65 66.85 0
24.6 66.85 0
24.55 66.85 0
24.5 66.85 0
24.45 66.85 0
24.4 66.85 0
24.35 66.85 0
24.3 66.85 0
24.25 66.85 0
24.2 66.85 0
24.15 66.85 0
24.1 66.85 0
24.05 66.85 0
24 66.85 0
23.95 66.85 0
23.9 66.85 0
23.85 66.85 0
23.8 66.85 0
23.75 66.85 0
23.7 66.85 0
23.65 66.85 0
23.6 66.85 0
23.55 66.85 0
23.5 66.85 0
23.45 66.85 0
23.4 66.85 0
23.35 66.8 0
23.3 66.75 0
23.25 66.7 0
23.2 66.65 0
23.15 66.6 0
23.1 66.55 0
23.05 66.5 0
23 66.45 0
22.95 66.4 0
22.9 66.35 0
22.85 66.3 0
22.8 66.25 0
22.75 66.2 0
22.7 66.15 0
22.65 66.1 0
22.6 66.05 0
22.55 66 0
22.5 65.95 0
22.45 65.9 0
22.4 65.85 0
22.35 65.8 0
22.3 65.75 0
22.25 65.7 0
22.2 65.65 0
22.15 65.6 0
22.1 65.55 0
22.05 65.5 0
22 65.45 0
21.95 65.4 0
21.9 65.35 0
21.85 65.3 0
21.8 65.25 0
21.75 65.2 0
21.7 65.15 0
21.65 65.1 0
21.6 65.05 0
21.55 65.05 0
21.5 65.05 0
21.45 65.05 0
PATH 3 190
36.05 75 0
36.05 74.95 0
36.05 74.9 0
36.05 74.85 0
36.05 74.8 0
36.05 74.75 0
36.05 74.7 0
36.05 74.65 0
36.05 74.6 0
36.05 74.55 0
36.05 74.5 0
36.05 74.45 0
36.05 74.4 0
36.05 74.35 0
36.05 74.3 0
36.05 74.25 0
36.05 74.2 0
36.05 74.15 0
36.05 74.1 0
36.05 74.05 0
36.05 74 0
36.05 73.95 0
36.05 73.9 0
36.05 73.85 0
36.05 73.8 0
36.05 73.75 0
36.05 73.7 0
36.05 73.65 0
36.05 73.6 0
36.05 73.55 0
36.05 73.5 0
36.05 73.45 0
36.05 73.4 0
36.05 73.35 0
36.05 73.3 0
36.05 73.25 0
36.05 73.2 0
36.05 73.15 0
36.05 73.1 0
36.05 73.05 0
36.05 73 0
36.05 72.95 0
36.05 72.9 0
36.05 72.85 0
36.05 72.8 0
36.05 72.75 0
36.05 72.7 0
36.05 72.65 0
36.05 72.6 0
36.05 72.55 0
36.05 72.5 0
36.05 72.45 0
36.05 72.4 0
36.05 72.35 0
36.05 72.3 0
36.1 72.25 0
36.15 72.2 0
36.2 72.15 0
36.2 72.15 2
36.15 72.1 2
36.1 72.05 2
36.05 72 2
36 71.95 2
35.95 71.9 2
35.9 71.85 2
35.85 71.8 2
35.8 71.75 2
35.75 71.7 2
35.7 71.65 2
35.65 71.6 2
35.6 71.55 2
35.55 71.5 2
35.5 71.45 2
35.45 71.4 2
35.4 71.35 2
35.35 71.3 2
35.3 71.25 2
35.25 71.2 2
35.2 71.15 2
35.15 71.1 2
35.1 71.05 2
35.05 71 2
35 70.95 2
34.95 70.9 2
34.9 70.85 2
34.85 70.8 2
34.8 70.75 2
34.75 70.7 2
34.7 70.65 2
34.65 70.6 2
34.6 70.55 2
34.55 70.5 2
34.5 70.45 2
34.45 70.4 2
34.4 70.35 2
34.35 70.3 2
34.3 70.25 2
34.25 70.2 2
34.2 70.15 2
34.15 70.1 2
34.1 70.05 2
34.05 70 2
34 69.95 2
34 69.9 2
34 69.85 2
34 69.8 2
34 69.75 2
34 69.7 2
34 69.65 2
34 69.6 2
34 69.55 2
34 69.5 2
34 69.45 2
34 69.4 2
34 69.35 2
34 69.3 2
34 69.25 2
34 69.2 2
33.95 69.15 2
33.9 69.1 2
33.85 69.05 2
33.8 69 2
33.75 68.95 2
33.7 68.9 2
33.65 68.85 2
33.6 68.8 2
33.55 68.75 2
33.5 68.7 2
33.45 68.65 2
33.4 68.6 2
33.35 68.55 2
33.3 68.5 2
33.25 68.45 2
33.2 68.4 2
33.15 68.35 2
33.1 68.3 2
33.05 68.25 2
33 68.2 2
32.95 68.15 2
32.9 68.1 2
32.85 68.05 2
32.8 68 2
32.75 67.95 2
32.7 67.9 2
32.65 67.85 2
32.6 67.8 2
32.55 67.75 2
32.5 67.7 2
32.45 67.65 2
32.4 67.6 2
32.35 67.55 2
32.3 67.5 2
32.25 67.45 2
32.2 67.4 2
32.15 67.35 2
32.1 67.3 2
32.05 67.25 2
32 67.2 2
31.95 67.15 2
31.9 67.1 2
31.85 67.05 2
31.8 67 2
31.75 66.95 2
31.7 66.9 2
31.65 66.85 2
31.65 66.85 0
31.65 66.9 0
31.6 66.95 0
31.55 67 0
31.5 67.05 0
31.45 67.1 0
31.4 67.15 0
31.35 67.2 0
31.3 67.25 0
31.25 67.3 0
31.2 67.35 0
31.15 67.4 0
31.1 67.45 0
31.05 67.5 0
31 67.55 0
30.95 67.6 0
30.9 67.65 0
30.85 67.7 0
30.85 67.75 0
30.85 67.8 0
30.85 67.85 0
30.85 67.9 0
30.85 67.95 0
30.85 68 0
30.85 68.05 0
PATH 13 20
33.15 68.05 0
33.15 68.1 0
33.15 68.15 0
33.15 68.2 0
33.15 68.25 0
33.15 68.3 0
33.15 68.35 0
33.15 68.4 0
33.15 68.45 0
33.15 68.5 0
33.15 68.55 0
33.15 68.6 0
33.15 68.65 0
33.15 68.7 0
33.15 68.75 0
33.15 68.8 0
33.15 68.85 0
33.15 68.9 0
33.15 68.95 0
33.15 69 0
PATH 13 82
33.15 68.05 0
33.15 68 0
33.15 67.95 0
33.15 67.9 0
33.15 67.85 0
33.15 67.8 0
33.2 67.75 0
33.25 67.7 0
33.3 67.65 0
33.3 67.6 0
33.3 67.55 0
33.35 67.5 0
33.4 67.45 0
33.4 67.4 0
33.45 67.35 0
33.5 67.3 0
33.5 67.25 0
33.5 67.2 0
33.55 67.15 0
33.6 67.1 0
33.65 67.05 0
33.65 67 0
33.65 66.95 0
33.65 66.9 0
33.65 66.85 0
33.65 66.8 0
33.65 66.75 0
33.65 66.7 0
33.65 66.65 0
33.65 66.6 0
33.65 66.55 0
33.65 66.5 0
33.7 66.45 0
33.75 66.4 0
33.8 66.35 0
33.85 66.3 0
33.9 66.25 0
33.95 66.2 0
34 66.15 0
34.05 66.1 0
34.1 66.05 0
34.1 66 0
34.1 65.95 0
34.1 65.9 0
34.1 65.85 0
34.15 65.8 0
34.2 65.75 0
34.25 65.7 0
34.3 65.65 0
34.35 65.6 0
34.4 65.55 0
34.45 65.5 0
34.5 65.45 0
34.55 65.4 0
34.6 65.35 0
34.65 65.3 0
34.7 65.25 0
34.75 65.2 0
34.8 65.15 0
34.8 65.1 0
34.8 65.05 0
34.8 65 0
34.8 64.95 0
34.8 64.9 0
34.8 64.85 0
34.8 64.8 0
34.8 64.75 0
34.85 64.7 0
34.9 64.65 0
34.95 64.6 0
35 64.55 0
35.05 64.5 0
35.1 64.45 0
35.15 64.4 0
35.2 64.35 0
35.25 64.3 0
35.3 64.25 0
35.35 64.2 0
35.4 64.15 0
35.45 64.1 0
35.5 64.05 0
35.55 64 0
PATH 13 68
36.5 71 0
36.45 70.95 0
36.4 70.9 0
36.35 70.85 0
36.3 70.8 0
36.25 70.75 0
36.2 70.7 0
36.15 70.65 0
36.1 70.6 0
36.05 70.55 0
36 70.5 0
35.95 70.45 0
35.9 70.4 0
35.85 70.35 0
35.8 70.3 0
35.75 70.25 0
35.7 70.2 0
35.65 70.15 0
35.6 70.1 0
35.55 70.05 0
35.5 70 0
35.45 69.95 0
35.4 69.9 0
35.35 69.85 0
35.3 69.8 0
35.25 69.75 0
35.2 69.7 0
35.15 69.65 0
35.1 69.6 0
35.05 69.55 0
35 69.5 0
34.95 69.45 0
34.9 69.4 0
34.85 69.35 0
34.8 69.3 0
34.75 69.25 0
34.7 69.2 0
34.65 69.15 0
34.6 69.1 0
34.55 69.05 0
34.5 69 0
34.45 69 0
34.4 69 0
34.35 69 0
34.3 69 0
34.25 69 0
34.2 69 0
34.15 69 0
34.1 69 0
34.05 69 0
34 69 0
33.95 69 0
33.9 69 0
33.85 69 0
33.8 69 0
33.75 69 0
33.7 69 0
33.65 69 0
33.6 69 0
33.55 69 0
33.5 69 0
33.45 69 0
33.4 69 0
33.35 69 0
33.3 69 0
33.25 69 0
33.2 69 0
33.15 69 0
