PATH 28 80
56 48.5 0
56.05 48.45 0
56.1 48.4 0
56.15 48.35 0
56.2 48.3 0
56.25 48.25 0
56.3 48.2 0
56.35 48.15 0
56.4 48.1 0
56.45 48.05 0
56.5 48 0
56.55 47.95 0
56.6 47.9 0
56.65 47.85 0
56.7 47.8 0
56.75 47.75 0
56.8 47.7 0
56.85 47.65 0
56.9 47.6 0
56.95 47.6 0
57 47.6 0
57.05 47.55 0
57.1 47.5 0
57.15 47.45 0
57.2 47.4 0
57.25 47.35 0
57.25 47.35 1
57.3 47.3 1
57.35 47.25 1
57.4 47.2 1
57.45 47.15 1
57.5 47.1 1
57.55 47.05 1
57.6 47 1
57.65 47 1
57.7 47 1
57.75 47 1
57.8 47 1
57.85 47 1
57.9 46.95 1
57.95 46.9 1
58 46.85 1
58.05 46.85 1
58.1 46.85 1
58.15 46.8 1
58.2 46.75 1
58.25 46.7 1
58.3 46.65 1
58.35 46.6 1
58.4 46.6 1
58.45 46.6 1
58.5 46.6 1
58.55 46.6 1
58.6 46.6 1
58.65 46.6 1
58.7 46.55 1
58.75 46.5 1
58.8 46.45 1
58.85 46.4 1
58.9 46.35 1
58.95 46.3 1
59 46.25 1
59.05 46.2 1
59.1 46.2 1
59.15 46.2 1
59.2 46.15 1
59.25 46.1 1
59.3 46.05 1
59.35 46 1
59.4 45.95 1
59.4 45.95 0
59.45 45.95 0
59.5 45.95 0
59.55 45.95 0
59.6 45.95 0
59.65 45.95 0
59.7 45.95 0
59.75 45.95 0
59.8 45.95 0
59.85 46 0
