PATH 1 617
35.35 12.45 2
35.3 12.5 2
35.25 12.55 2
35.25 12.6 2
35.25 12.65 2
35.25 12.7 2
35.25 12.75 2
35.2 12.8 2
35.15 12.85 2
35.15 12.9 2
35.15 12.95 2
35.15 13 2
35.15 13.05 2
35.15 13.1 2
35.15 13.15 2
35.15 13.2 2
35.15 13.25 2
35.15 13.3 2
35.15 13.35 2
35.15 13.4 2
35.1 13.45 2
35.1 13.5 2
35.1 13.55 2
35.1 13.6 2
35.1 13.65 2
35.1 13.7 2
35.1 13.75 2
35.1 13.8 2
35.1 13.85 2
35.1 13.9 2
35.1 13.95 2
35.05 14 2
35 14.05 2
34.95 14.1 2
34.9 14.15 2
34.85 14.2 2
34.8 14.25 2
34.75 14.3 2
34.7 14.35 2
34.65 14.4 2
34.6 14.45 2
34.55 14.5 2
34.5 14.55 2
34.45 14.6 2
34.4 14.65 2
34.35 14.7 2
34.3 14.75 2
34.25 14.8 2
34.2 14.85 2
34.15 14.9 2
34.1 14.95 2
34.05 15 2
34 15.05 2
33.95 15.1 2
33.9 15.15 2
33.85 15.2 2
33.8 15.25 2
33.75 15.3 2
33.75 15.35 2
33.75 15.4 2
33.75 15.45 2
33.75 15.5 2
33.75 15.55 2
33.75 15.6 2
33.75 15.65 2
33.75 15.7 2
33.75 15.75 2
33.7 15.8 2
33.65 15.85 2
33.6 15.9 2
33.6 15.95 2
33.6 16 2
33.6 16.05 2
33.6 16.1 2
33.6 16.15 2
33.6 16.2 2
33.6 16.25 2
33.6 16.3 2
33.6 16.35 2
33.6 16.4 2
33.6 16.45 2
33.6 16.5 2
33.6 16.55 2
33.6 16.6 2
33.6 16.65 2
33.6 16.7 2
33.6 16.75 2
33.6 16.8 2
33.6 16.85 2
33.6 16.9 2
33.6 16.95 2
33.6 17 2
33.6 17.05 2
33.6 17.1 2
33.6 17.15 2
33.6 17.2 2
33.6 17.25 2
33.6 17.3 2
33.6 17.35 2
33.55 17.4 2
33.5 17.45 2
33.45 17.5 2
33.4 17.55 2
33.35 17.6 2
33.35 17.65 2
33.35 17.7 2
33.35 17.75 2
33.35 17.8 2
33.35 17.85 2
33.35 17.9 2
33.35 17.95 2
33.35 18 2
33.35 18.05 2
33.35 18.1 2
33.35 18.15 2
33.35 18.2 2
33.35 18.25 2
33.35 18.3 2
33.35 18.35 2
33.35 18.4 2
33.35 18.45 2
33.35 18.5 2
33.35 18.55 2
33.35 18.6 2
33.35 18.65 2
33.35 18.7 2
33.35 18.75 2
33.35 18.8 2
33.35 18.85 2
33.35 18.9 2
33.35 18.95 2
33.35 19 2
33.35 19.05 2
33.35 19.1 2
33.35 19.15 2
33.35 19.2 2
33.35 19.25 2
33.35 19.3 2
33.35 19.35 2
33.35 19.4 2
33.35 19.45 2
33.35 19.5 2
33.35 19.55 2
33.35 19.6 2
33.35 19.65 2
33.35 19.7 2
33.35 19.75 2
33.35 19.8 2
33.35 19.85 2
33.35 19.9 2
33.35 19.95 2
33.35 20 2
33.35 20.05 2
33.35 20.1 2
33.35 20.15 2
33.35 20.2 2
33.35 20.25 2
33.35 20.3 2
33.35 20.35 2
33.35 20.4 2
33.35 20.45 2
33.35 20.5 2
33.35 20.55 2
33.35 20.6 2
33.35 20.65 2
33.35 20.7 2
33.35 20.75 2
33.35 20.8 2
33.35 20.85 2
33.35 20.9 2
33.35 20.95 2
33.35 21 2
33.35 21.05 2
33.35 21.1 2
33.35 21.15 2
33.35 21.2 2
33.35 21.25 2
33.35 21.3 2
33.35 21.35 2
33.35 21.4 2
33.35 21.45 2
33.35 21.5 2
33.35 21.55 2
33.35 21.6 2
33.35 21.65 2
33.35 21.7 2
33.35 21.75 2
33.35 21.8 2
33.35 21.85 2
33.35 21.9 2
33.35 21.95 2
33.35 22 2
33.35 22.05 2
33.35 22.1 2
33.35 22.15 2
33.35 22.2 2
33.3 22.25 2
33.3 22.3 2
33.3 22.35 2
33.3 22.4 2
33.25 22.45 2
33.2 22.5 2
33.15 22.55 2
33.1 22.6 2
33.05 22.65 2
33 22.7 2
32.95 22.75 2
32.9 22.8 2
32.85 22.85 2
32.8 22.9 2
32.75 22.95 2
32.7 23 2
32.65 23.05 2
32.6 23.1 2
32.55 23.15 2
32.5 23.2 2
32.45 23.25 2
32.4 23.3 2
32.35 23.35 2
32.3 23.4 2
32.25 23.45 2
32.2 23.5 2
32.15 23.55 2
32.1 23.6 2
32.05 23.65 2
32 23.7 2
31.95 23.75 2
31.9 23.8 2
31.85 23.85 2
31.8 23.9 2
31.75 23.95 2
31.7 24 2
31.65 24.05 2
31.6 24.1 2
31.55 24.15 2
31.5 24.2 2
31.45 24.25 2
31.4 24.3 2
31.35 24.35 2
31.3 24.4 2
31.25 24.45 2
31.2 24.5 2
31.15 24.55 2
31.1 24.6 2
31.05 24.65 2
31 24.7 2
30.95 24.75 2
30.9 24.8 2
30.85 24.85 2
30.8 24.9 2
30.75 24.95 2
30.7 25 2
30.65 25.05 2
30.6 25.1 2
30.55 25.15 2
30.5 25.2 2
30.45 25.25 2
30.4 25.3 2
30.35 25.35 2
30.3 25.4 2
30.25 25.45 2
30.2 25.5 2
30.15 25.55 2
30.1 25.6 2
30.05 25.65 2
30 25.7 2
29.95 25.75 2
29.9 25.8 2
29.85 25.85 2
29.8 25.9 2
29.75 25.95 2
29.7 26 2
29.65 26.05 2
29.6 26.1 2
29.55 26.15 2
29.5 26.2 2
29.45 26.25 2
29.4 26.3 2
29.35 26.35 2
29.3 26.4 2
29.25 26.45 2
29.2 26.5 2
29.15 26.55 2
29.1 26.6 2
29.05 26.65 2
29 26.7 2
28.95 26.75 2
28.9 26.8 2
28.85 26.85 2
28.8 26.9 2
28.75 26.95 2
28.7 27 2
28.65 27.05 2
28.6 27.05 2
28.55 27.1 2
28.5 27.15 2
28.45 27.2 2
28.4 27.25 2
28.35 27.25 2
28.3 27.3 2
28.25 27.35 2
28.2 27.4 2
28.15 27.4 2
28.1 27.45 2
28.05 27.45 2
28 27.45 2
27.95 27.5 2
27.9 27.55 2
27.85 27.6 2
27.8 27.65 2
27.75 27.7 2
27.7 27.75 2
27.65 27.75 2
27.6 27.8 2
27.55 27.85 2
27.5 27.85 2
27.45 27.85 2
27.4 27.85 2
27.35 27.9 2
27.3 27.95 2
27.25 28 2
27.2 28.05 2
27.15 28.1 2
27.1 28.15 2
27.1 28.15 0
27.05 28.15 0
27 28.2 0
26.95 28.25 0
26.9 28.3 0
26.85 28.3 0
26.8 28.3 0
26.75 28.35 0
26.7 28.35 0
26.65 28.35 0
26.6 28.35 0
26.55 28.4 0
26.5 28.4 0
26.45 28.4 0
26.4 28.4 0
26.35 28.4 0
26.3 28.4 0
26.25 28.4 0
26.2 28.4 0
26.15 28.45 0
26.1 28.5 0
26.05 28.5 0
26 28.5 0
25.95 28.55 0
25.9 28.6 0
25.85 28.65 0
25.8 28.7 0
25.75 28.75 0
25.7 28.75 0
25.65 28.75 0
25.6 28.75 0
25.55 28.8 0
25.5 28.85 0
25.45 28.85 0
25.4 28.85 0
25.35 28.9 0
25.3 28.95 0
25.25 29 0
25.2 29.05 0
25.15 29.1 0
25.1 29.15 0
25.05 29.2 0
25 29.2 0
24.95 29.2 0
24.9 29.25 0
24.85 29.3 0
24.8 29.35 0
24.75 29.4 0
24.7 29.45 0
24.65 29.5 0
24.6 29.5 0
24.55 29.5 0
24.5 29.5 0
24.45 29.55 0
24.4 29.55 0
24.35 29.55 0
24.3 29.55 0
24.25 29.6 0
24.2 29.6 0
24.15 29.6 0
24.1 29.6 0
24.05 29.65 0
24 29.7 0
23.95 29.75 0
23.9 29.75 0
23.85 29.75 0
23.8 29.75 0
23.75 29.75 0
23.7 29.8 0
23.65 29.8 0
23.6 29.8 0
23.55 29.85 0
23.5 29.9 0
23.45 29.9 0
23.4 29.9 0
23.35 29.9 0
23.3 29.95 0
23.25 30 0
23.2 30.05 0
23.15 30.05 0
23.1 30.05 0
23.05 30.05 0
23 30.05 0
22.95 30.05 0
22.9 30.05 0
22.85 30.1 0
22.8 30.15 0
22.75 30.15 0
22.7 30.15 0
22.65 30.15 0
22.6 30.15 0
22.55 30.15 0
22.5 30.2 0
22.45 30.25 0
22.4 30.3 0
22.35 30.35 0
22.3 30.4 0
22.25 30.45 0
22.2 30.5 0
22.15 30.55 0
22.1 30.6 0
22.05 30.65 0
22 30.7 0
21.95 30.75 0
21.9 30.8 0
21.85 30.85 0
21.8 30.9 0
21.75 30.95 0
21.7 31 0
21.65 31.05 0
21.6 31.1 0
21.55 31.15 0
21.5 31.2 0
21.45 31.25 0
21.4 31.3 0
21.35 31.35 0
21.3 31.4 0
21.25 31.45 0
21.2 31.5 0
21.15 31.55 0
21.1 31.6 0
21.05 31.65 0
21 31.7 0
20.95 31.75 0
20.9 31.8 0
20.85 31.85 0
20.8 31.9 0
20.75 31.95 0
20.7 32 0
20.65 32.05 0
20.6 32.1 0
20.55 32.15 0
20.5 32.2 0
20.45 32.25 0
20.4 32.3 0
20.35 32.35 0
20.3 32.4 0
20.25 32.45 0
20.2 32.5 0
20.15 32.55 0
20.1 32.6 0
20.05 32.65 0
20 32.7 0
19.95 32.75 0
19.9 32.8 0
19.85 32.85 0
19.8 32.9 0
19.75 32.95 0
19.7 33 0
19.65 33.05 0
19.6 33.1 0
19.55 33.15 0
19.5 33.2 0
19.45 33.25 0
19.4 33.3 0
19.35 33.35 0
19.3 33.4 0
19.25 33.45 0
19.2 33.5 0
19.15 33.55 0
19.1 33.6 0
19.05 33.65 0
19 33.7 0
18.95 33.75 0
18.9 33.8 0
18.85 33.85 0
18.8 33.9 0
18.75 33.95 0
18.7 34 0
18.65 34.05 0
18.6 34.1 0
18.55 34.15 0
18.5 34.2 0
18.45 34.25 0
18.4 34.3 0
18.35 34.35 0
18.3 34.4 0
18.25 34.45 0
18.2 34.5 0
18.15 34.55 0
18.1 34.6 0
18.05 34.65 0
18 34.7 0
17.95 34.75 0
17.9 34.8 0
17.85 34.85 0
17.8 34.9 0
17.75 34.95 0
17.7 35 0
17.65 35.05 0
17.6 35.1 0
17.55 35.15 0
17.5 35.2 0
17.45 35.25 0
17.4 35.3 0
17.35 35.35 0
17.3 35.4 0
17.25 35.45 0
17.2 35.5 0
17.15 35.55 0
17.1 35.6 0
17.05 35.65 0
17 35.7 0
16.95 35.75 0
16.9 35.8 0
16.85 35.85 0
16.8 35.9 0
16.75 35.95 0
16.7 36 0
16.65 36.05 0
16.6 36.1 0
16.55 36.15 0
16.5 36.2 0
16.45 36.25 0
16.4 36.3 0
16.35 36.35 0
16.3 36.4 0
16.25 36.45 0
16.2 36.5 0
16.15 36.55 0
16.1 36.6 0
16.05 36.65 0
16 36.7 0
15.95 36.75 0
15.9 36.8 0
15.85 36.85 0
15.8 36.9 0
15.75 36.95 0
15.7 37 0
15.65 37.05 0
15.6 37.1 0
15.55 37.15 0
15.5 37.2 0
15.45 37.25 0
15.4 37.25 0
15.35 37.3 0
15.3 37.35 0
15.25 37.4 0
15.2 37.45 0
15.15 37.5 0
15.1 37.55 0
15.05 37.6 0
15 37.65 0
14.95 37.7 0
14.9 37.75 0
14.85 37.8 0
14.8 37.85 0
14.75 37.9 0
14.7 37.95 0
14.65 38 0
14.6 38.05 0
14.55 38.1 0
14.5 38.15 0
14.45 38.2 0
14.4 38.25 0
14.35 38.3 0
14.3 38.35 0
14.25 38.4 0
14.2 38.45 0
14.15 38.5 0
14.1 38.55 0
14.05 38.6 0
14 38.6 0
13.95 38.65 0
13.9 38.7 0
13.85 38.75 0
13.8 38.8 0
13.75 38.85 0
13.7 38.9 0
13.65 38.95 0
13.6 39 0
13.55 39.05 0
13.5 39.1 0
13.45 39.15 0
13.4 39.2 0
13.35 39.25 0
13.3 39.3 0
13.25 39.35 0
13.2 39.35 0
13.15 39.35 0
13.1 39.4 0
13.05 39.45 0
13 39.5 0
12.95 39.55 0
12.9 39.6 0
12.85 39.65 0
12.8 39.7 0
12.75 39.75 0
12.7 39.8 0
12.65 39.85 0
12.6 39.9 0
12.55 39.95 0
12.5 40 0
PATH 40 544
65.3 6.6 2
65.35 6.65 2
65.4 6.7 2
65.45 6.75 2
65.5 6.75 2
65.55 6.8 2
65.6 6.85 2
65.65 6.9 2
65.7 6.9 2
65.75 6.95 2
65.8 7 2
65.85 7.05 2
65.9 7.05 2
65.95 7.1 2
66 7.15 2
66.05 7.15 2
66.1 7.15 2
66.15 7.15 2
66.2 7.2 2
66.25 7.25 2
66.3 7.3 2
66.35 7.35 2
66.4 7.4 2
66.45 7.4 2
66.5 7.4 2
66.55 7.4 2
66.6 7.4 2
66.65 7.4 2
66.7 7.45 2
66.75 7.5 2
66.8 7.55 2
66.85 7.6 2
66.9 7.65 2
66.9 7.65 1
66.95 7.65 1
67 7.65 1
67.05 7.65 1
67.1 7.65 1
67.15 7.65 1
67.2 7.65 1
67.25 7.65 1
67.3 7.65 1
67.35 7.65 1
67.4 7.65 1
67.45 7.65 1
67.5 7.65 1
67.55 7.65 1
67.6 7.65 1
67.65 7.65 1
67.7 7.65 1
67.75 7.65 1
67.8 7.65 1
67.85 7.65 1
67.9 7.65 1
67.95 7.65 1
68 7.65 1
68.05 7.65 1
68.1 7.65 1
68.15 7.65 1
68.2 7.65 1
68.25 7.65 1
68.3 7.65 1
68.35 7.65 1
68.4 7.65 1
68.45 7.65 1
68.5 7.65 1
68.55 7.65 1
68.6 7.65 1
68.65 7.65 1
68.7 7.65 1
68.75 7.65 1
68.8 7.65 1
68.85 7.65 1
68.9 7.65 1
68.95 7.65 1
69 7.65 1
69.05 7.65 1
69.1 7.65 1
69.15 7.65 1
69.2 7.65 1
69.25 7.65 1
69.3 7.65 1
69.35 7.65 1
69.4 7.65 1
69.45 7.65 1
69.5 7.65 1
69.55 7.65 1
69.6 7.65 1
69.65 7.65 1
69.7 7.7 1
69.75 7.75 1
69.8 7.75 1
69.85 7.75 1
69.9 7.75 1
69.95 7.75 1
70 7.75 1
70.05 7.8 1
70.1 7.8 1
70.15 7.8 1
70.15 7.8 2
70.2 7.8 2
70.25 7.8 2
70.3 7.8 2
70.35 7.85 2
70.4 7.9 2
70.45 7.95 2
70.5 8 2
70.55 8.05 2
70.6 8.1 2
70.65 8.15 2
70.7 8.2 2
70.75 8.25 2
70.8 8.3 2
70.85 8.35 2
70.9 8.4 2
70.95 8.45 2
71 8.5 2
71.05 8.55 2
71.1 8.6 2
71.15 8.6 2
71.2 8.65 2
71.25 8.7 2
71.3 8.7 2
71.35 8.7 2
71.4 8.75 2
71.45 8.8 2
71.5 8.8 2
71.55 8.8 2
71.6 8.8 2
71.65 8.85 2
71.7 8.9 2
71.75 8.95 2
71.8 8.95 2
71.85 9 2
71.9 9.05 2
71.95 9.1 2
72 9.1 2
72.05 9.15 2
72.1 9.15 2
72.15 9.15 2
72.2 9.15 2
72.25 9.2 2
72.3 9.2 2
72.35 9.2 2
72.4 9.25 2
72.45 9.3 2
72.5 9.3 2
72.55 9.35 2
72.6 9.35 2
72.65 9.4 2
72.7 9.4 2
72.75 9.45 2
72.8 9.45 2
72.85 9.45 2
72.9 9.45 2
72.95 9.45 2
73 9.5 2
73.05 9.5 2
73.1 9.5 2
73.15 9.5 2
73.2 9.5 2
73.25 9.5 2
73.3 9.5 2
73.35 9.5 2
73.4 9.55 2
73.45 9.55 2
73.5 9.6 2
73.55 9.65 2
73.6 9.7 2
73.65 9.7 2
73.7 9.75 2
73.75 9.8 2
73.8 9.85 2
73.85 9.85 2
73.9 9.9 2
73.95 9.9 2
74 9.95 2
74.05 9.95 2
74.1 10 2
74.15 10 2
74.2 10.05 2
74.25 10.05 2
74.3 10.1 2
74.35 10.15 2
74.4 10.2 2
74.45 10.25 2
74.5 10.25 2
74.55 10.25 2
74.6 10.3 2
74.65 10.35 2
74.7 10.4 2
74.75 10.45 2
74.8 10.5 2
74.85 10.55 2
74.9 10.6 2
74.95 10.65 2
75 10.7 2
75.05 10.75 2
75.1 10.8 2
75.15 10.85 2
75.2 10.85 2
75.25 10.9 2
75.3 10.9 2
75.35 10.95 2
75.4 11 2
75.45 11.05 2
75.5 11.1 2
75.55 11.15 2
75.6 11.2 2
75.65 11.2 2
75.7 11.2 2
75.75 11.2 2
75.8 11.25 2
75.85 11.3 2
75.9 11.3 2
75.95 11.35 2
76 11.4 2
76.05 11.45 2
76.1 11.5 2
76.15 11.55 2
76.2 11.55 2
76.25 11.55 2
76.3 11.6 2
76.35 11.65 2
76.4 11.7 2
76.45 11.75 2
76.5 11.75 2
76.55 11.8 2
76.6 11.85 2
76.65 11.9 2
76.7 11.9 2
76.75 11.95 2
76.8 12 2
76.85 12.05 2
76.9 12.1 2
76.95 12.1 2
77 12.1 2
77.05 12.1 2
77.1 12.1 2
77.15 12.1 2
77.2 12.1 2
77.25 12.15 2
77.3 12.2 2
77.35 12.25 2
77.4 12.3 2
77.45 12.35 2
77.5 12.4 2
77.55 12.45 2
77.6 12.5 2
77.65 12.55 2
77.7 12.6 2
77.75 12.65 2
77.8 12.7 2
77.85 12.75 2
77.9 12.8 2
77.95 12.85 2
78 12.9 2
78.05 12.95 2
78.1 13 2
78.15 13.05 2
78.2 13.1 2
78.25 13.15 2
78.3 13.2 2
78.35 13.25 2
78.4 13.3 2
78.45 13.35 2
78.5 13.4 2
78.55 13.45 2
78.6 13.5 2
78.65 13.55 2
78.7 13.6 2
78.75 13.65 2
78.8 13.7 2
78.85 13.75 2
78.9 13.8 2
78.95 13.85 2
79 13.85 2
79.05 13.85 2
79.1 13.9 2
79.15 13.9 2
79.2 13.95 2
79.25 14 2
79.3 14.05 2
79.35 14.1 2
79.4 14.1 2
79.45 14.1 2
79.5 14.15 2
79.55 14.2 2
79.6 14.25 2
79.65 14.25 2
79.7 14.25 2
79.75 14.3 2
79.8 14.3 2
79.85 14.3 2
79.9 14.35 2
79.95 14.35 2
80 14.35 2
80.05 14.35 2
80.1 14.35 2
80.15 14.35 2
80.2 14.35 2
80.25 14.35 2
80.3 14.35 2
80.35 14.35 2
80.4 14.35 2
80.45 14.35 2
80.5 14.35 2
80.55 14.35 2
80.6 14.35 2
80.65 14.35 2
80.7 14.35 2
80.75 14.35 2
80.8 14.35 2
80.85 14.35 2
80.9 14.35 2
80.95 14.35 2
81 14.35 2
81.05 14.35 2
81.1 14.35 2
81.15 14.35 2
81.2 14.35 2
81.25 14.35 2
81.3 14.4 2
81.35 14.45 2
81.4 14.5 2
81.45 14.55 2
81.5 14.6 2
81.55 14.65 2
81.6 14.7 2
81.65 14.75 2
81.7 14.8 2
81.75 14.85 2
81.8 14.9 2
81.85 14.95 2
81.9 15 2
81.95 15.05 2
82 15.1 2
82.05 15.15 2
82.1 15.2 2
82.15 15.25 2
82.2 15.3 2
82.25 15.35 2
82.3 15.4 2
82.35 15.45 2
82.4 15.5 2
82.45 15.55 2
82.5 15.6 2
82.55 15.65 2
82.6 15.7 2
82.65 15.75 2
82.7 15.8 2
82.75 15.85 2
82.8 15.9 2
82.85 15.95 2
82.9 16 2
82.95 16.05 2
83 16.1 2
83.05 16.15 2
83.1 16.2 2
83.15 16.25 2
83.2 16.3 2
83.25 16.35 2
83.3 16.4 2
83.35 16.45 2
83.4 16.45 2
83.45 16.45 2
83.5 16.45 2
83.55 16.45 2
83.6 16.45 2
83.65 16.45 2
83.7 16.45 2
83.75 16.45 2
83.75 16.5 2
83.75 16.55 2
83.75 16.6 2
83.75 16.65 2
83.8 16.7 2
83.85 16.75 2
83.9 16.8 2
83.95 16.85 2
84 16.9 2
84.05 16.95 2
84.1 17 2
84.15 17.05 2
84.2 17.1 2
84.25 17.15 2
84.3 17.2 2
84.35 17.25 2
84.4 17.3 2
84.45 17.35 2
84.5 17.4 2
84.55 17.45 2
84.6 17.5 2
84.65 17.55 2
84.7 17.6 2
84.75 17.65 2
84.8 17.7 2
84.85 17.75 2
84.9 17.8 2
84.95 17.85 2
85 17.9 2
85 17.95 2
85.05 18 2
85.1 18.05 2
85.15 18.1 2
85.2 18.15 2
85.25 18.2 2
85.3 18.25 2
85.3 18.3 2
85.35 18.35 2
85.4 18.4 2
85.45 18.45 2
85.45 18.5 2
85.45 18.55 2
85.5 18.6 2
85.5 18.65 2
85.5 18.7 2
85.5 18.75 2
85.55 18.8 2
85.6 18.85 2
85.65 18.9 2
85.7 18.95 2
85.75 19 2
85.8 19.05 2
85.8 19.1 2
85.85 19.15 2
85.9 19.2 2
85.95 19.25 2
86 19.3 2
86.05 19.35 2
86.1 19.4 2
86.15 19.45 2
86.2 19.5 2
86.25 19.55 2
86.3 19.6 2
86.35 19.65 2
86.4 19.7 2
86.45 19.75 2
86.5 19.8 2
86.55 19.85 2
86.6 19.9 2
86.65 19.95 2
86.7 20 2
86.75 20.05 2
86.8 20.1 2
86.85 20.15 2
86.85 20.2 2
86.85 20.25 2
86.85 20.3 2
86.85 20.35 2
86.85 20.4 2
86.85 20.45 2
86.85 20.5 2
86.85 20.55 2
86.85 20.6 2
86.85 20.65 2
86.85 20.7 2
86.85 20.75 2
86.85 20.8 2
86.85 20.85 2
86.9 20.9 2
86.95 20.95 2
87 21 2
87.05 21.05 2
87.1 21.1 2
87.15 21.15 2
87.2 21.2 2
87.25 21.25 2
87.3 21.3 2
87.35 21.35 2
87.4 21.4 2
87.45 21.45 2
87.5 21.5 2
87.55 21.55 2
87.6 21.6 2
87.65 21.65 2
87.7 21.7 2
87.75 21.75 2
87.8 21.8 2
87.85 21.85 2
87.9 21.9 2
87.95 21.95 2
88 22 2
88.05 22.05 2
88.1 22.1 2
88.15 22.15 2
88.2 22.2 2
88.25 22.25 2
88.3 22.3 2
88.35 22.35 2
88.4 22.4 2
88.45 22.45 2
88.5 22.5 2
88.55 22.55 2
88.6 22.6 2
88.65 22.65 2
88.7 22.7 2
88.75 22.75 2
88.8 22.8 2
88.85 22.85 2
88.85 22.9 2
88.9 22.95 2
88.95 23 2
89 23.05 2
89 23.1 2
89 23.15 2
89.05 23.2 2
89.1 23.25 2
89.15 23.3 2
89.2 23.35 2
89.25 23.4 2
89.25 23.45 2
89.3 23.5 2
89.3 23.55 2
89.35 23.6 2
89.35 23.65 2
89.4 23.7 2
89.4 23.75 2
89.45 23.8 2
89.45 23.85 2
89.45 23.9 2
89.5 23.95 2
89.55 24 2
89.6 24.05 2
89.65 24.1 2
89.7 24.15 2
89.75 24.2 2
89.8 24.25 2
89.85 24.3 2
89.9 24.35 2
89.95 24.4 2
90 24.45 2
90.05 24.5 2
90.1 24.55 2
90.15 24.6 2
90.2 24.65 2
90.25 24.7 2
90.3 24.75 2
90.35 24.8 2
90.4 24.85 2
90.45 24.9 2
90.5 24.95 2
90.55 25 2
90.55 25 0
PATH 2 132
79.25 72.25 0
79.25 72.3 0
79.2 72.35 0
79.2 72.35 2
79.25 72.3 2
79.3 72.25 2
79.35 72.2 2
79.4 72.15 2
79.45 72.1 2
79.5 72.05 2
79.55 72 2
79.6 71.95 2
79.65 71.9 2
79.7 71.85 2
79.75 71.8 2
79.8 71.75 2
79.85 71.7 2
79.9 71.65 2
79.95 71.6 2
80 71.55 2
80.05 71.5 2
80.1 71.5 2
80.15 71.5 2
80.2 71.5 2
80.25 71.5 2
80.3 71.5 2
80.35 71.5 2
80.4 71.5 2
80.45 71.5 2
80.5 71.5 2
80.55 71.45 2
80.6 71.4 2
80.65 71.35 2
80.7 71.3 2
80.75 71.25 2
80.8 71.2 2
80.85 71.15 2
80.9 71.1 2
80.95 71.05 2
81 71 2
81.05 70.95 2
81.1 70.9 2
81.15 70.85 2
81.2 70.8 2
81.25 70.75 2
81.3 70.7 2
81.35 70.65 2
81.4 70.6 2
81.45 70.55 2
81.5 70.5 2
81.55 70.45 2
81.6 70.4 2
81.65 70.35 2
81.7 70.3 2
81.75 70.25 2
81.8 70.2 2
81.85 70.15 2
81.9 70.1 2
81.95 70.05 2
82 70 2
82.05 69.95 2
82.1 69.9 2
82.15 69.85 2
82.2 69.8 2
82.25 69.75 2
82.3 69.7 2
82.35 69.7 2
82.4 69.7 2
82.45 69.7 2
82.5 69.7 2
82.55 69.7 2
82.6 69.7 2
82.65 69.7 2
82.7 69.7 2
82.75 69.7 2
82.8 69.7 2
82.85 69.7 2
82.9 69.65 2
82.95 69.6 2
83 69.55 2
83.05 69.5 2
83.1 69.45 2
83.15 69.4 2
83.2 69.35 2
83.25 69.3 2
83.3 69.25 2
83.35 69.2 2
83.4 69.15 2
83.45 69.1 2
83.5 69.05 2
83.55 69 2
83.6 68.95 2
83.65 68.9 2
83.7 68.85 2
83.75 68.8 2
83.8 68.75 2
83.85 68.7 2
83.9 68.65 2
83.95 68.6 2
84 68.55 2
84.05 68.5 2
84.1 68.45 2
84.15 68.45 2
84.2 68.45 2
84.25 68.45 2
84.3 68.45 2
84.35 68.45 2
84.4 68.45 2
84.45 68.45 2
84.5 68.45 2
84.55 68.45 2
84.6 68.45 2
84.65 68.45 2
84.7 68.45 2
84.75 68.4 2
84.8 68.35 2
84.85 68.3 2
84.9 68.25 2
84.95 68.2 2
85 68.15 2
85.05 68.1 2
85.1 68.05 2
85.15 68 2
85.2 67.95 2
85.25 67.9 2
85.3 67.85 2
85.35 67.8 2
85.4 67.75 2
85.45 67.7 2
85.5 67.7 2
85.55 67.7 2
85.6 67.7 2
PATH 2 89
81.5 72 0
81.45 72 0
81.45 72 2
81.5 71.95 2
81.55 71.9 2
81.6 71.85 2
81.65 71.8 2
81.7 71.75 2
81.75 71.7 2
81.8 71.65 2
81.85 71.6 2
81.9 71.55 2
81.95 71.5 2
81.95 71.45 2
82 71.4 2
82.05 71.35 2
82.1 71.3 2
82.15 71.25 2
82.2 71.2 2
82.25 71.15 2
82.3 71.1 2
82.35 71.05 2
82.4 71 2
82.45 70.95 2
82.5 70.9 2
82.55 70.85 2
82.6 70.8 2
82.65 70.75 2
82.7 70.7 2
82.75 70.65 2
82.75 70.6 2
82.8 70.55 2
82.85 70.5 2
82.9 70.45 2
82.95 70.4 2
83 70.35 2
83.05 70.3 2
83.1 70.25 2
83.15 70.2 2
83.2 70.15 2
83.25 70.1 2
83.3 70.05 2
83.35 70 2
83.4 69.95 2
83.45 69.9 2
83.5 69.85 2
83.55 69.8 2
83.6 69.75 2
83.65 69.7 2
83.7 69.65 2
83.75 69.6 2
83.8 69.55 2
83.85 69.5 2
83.9 69.45 2
83.95 69.4 2
83.95 69.35 2
84 69.3 2
84.05 69.25 2
84.1 69.2 2
84.15 69.15 2
84.2 69.1 2
84.25 69.05 2
84.3 69 2
84.35 68.95 2
84.4 68.9 2
84.45 68.85 2
84.5 68.8 2
84.55 68.75 2
84.6 68.7 2
84.65 68.65 2
84.7 68.6 2
84.75 68.55 2
84.8 68.5 2
84.85 68.45 2
84.9 68.4 2
84.95 68.35 2
85 68.3 2
85.05 68.25 2
85.1 68.2 2
85.15 68.15 2
85.2 68.1 2
85.25 68.05 2
85.3 68 2
85.35 67.95 2
85.4 67.9 2
85.45 67.85 2
85.5 67.8 2
85.55 67.75 2
85.6 67.7 2
PATH 2 386
64.5 16.75 0
64.45 16.75 0
64.4 16.75 0
64.35 16.75 0
64.3 16.75 0
64.25 16.75 0
64.2 16.75 0
64.15 16.75 0
64.1 16.75 0
64.05 16.75 0
64 16.75 0
63.95 16.75 0
63.9 16.75 0
63.85 16.75 0
63.8 16.75 0
63.75 16.75 0
63.7 16.75 0
63.65 16.75 0
63.6 16.75 0
63.55 16.75 0
63.5 16.75 0
63.45 16.75 0
63.4 16.75 0
63.35 16.75 0
63.3 16.75 0
63.25 16.75 0
63.2 16.75 0
63.15 16.75 0
63.1 16.75 0
63.05 16.75 0
63 16.75 0
62.95 16.75 0
62.9 16.75 0
62.85 16.75 0
62.8 16.75 0
62.75 16.75 0
62.7 16.75 0
62.65 16.75 0
62.6 16.75 0
62.55 16.75 0
62.5 16.75 0
62.45 16.75 0
62.4 16.75 0
62.4 16.75 1
62.45 16.75 1
62.5 16.75 1
62.55 16.75 1
62.6 16.75 1
62.65 16.75 1
62.7 16.75 1
62.75 16.75 1
62.8 16.75 1
62.85 16.75 1
62.9 16.75 1
62.95 16.75 1
63 16.75 1
63.05 16.75 1
63.1 16.75 1
63.15 16.75 1
63.2 16.75 1
63.25 16.75 1
63.3 16.75 1
63.35 16.75 1
63.4 16.75 1
63.45 16.75 1
63.5 16.75 1
63.55 16.75 1
63.6 16.75 1
63.65 16.75 1
63.7 16.75 1
63.75 16.75 1
63.8 16.75 1
63.85 16.75 1
63.9 16.75 1
63.95 16.75 1
64 16.75 1
64.05 16.75 1
64.1 16.75 1
64.15 16.75 1
64.2 16.75 1
64.25 16.75 1
64.3 16.75 1
64.35 16.75 1
64.4 16.75 1
64.45 16.75 1
64.5 16.75 1
64.55 16.75 1
64.6 16.75 1
64.65 16.75 1
64.7 16.75 1
64.75 16.75 1
64.8 16.75 1
64.85 16.75 1
64.9 16.75 1
64.95 16.75 1
65 16.75 1
65.05 16.75 1
65.1 16.75 1
65.15 16.75 1
65.2 16.75 1
65.25 16.75 1
65.3 16.75 1
65.35 16.75 1
65.4 16.75 1
65.45 16.75 1
65.5 16.75 1
65.55 16.75 1
65.6 16.75 1
65.65 16.75 1
65.7 16.75 1
65.75 16.75 1
65.8 16.75 1
65.85 16.75 1
65.9 16.75 1
65.95 16.75 1
66 16.75 1
66.05 16.75 1
66.1 16.75 1
66.15 16.75 1
66.2 16.75 1
66.25 16.75 1
66.3 16.75 1
66.35 16.75 1
66.4 16.75 1
66.45 16.75 1
66.5 16.75 1
66.55 16.75 1
66.6 16.75 1
66.65 16.75 1
66.7 16.75 1
66.7 16.75 0
66.75 16.75 0
66.8 16.75 0
66.85 16.75 0
66.9 16.75 0
66.95 16.75 0
67 16.75 0
67.05 16.75 0
67.1 16.75 0
67.15 16.75 0
67.2 16.75 0
67.25 16.75 0
67.3 16.75 0
67.35 16.75 0
67.4 16.75 0
67.45 16.75 0
67.5 16.75 0
67.55 16.75 0
67.6 16.75 0
67.65 16.75 0
67.7 16.75 0
67.75 16.75 0
67.8 16.75 0
67.85 16.75 0
67.9 16.75 0
67.95 16.75 0
68 16.75 0
68.05 16.75 0
68.1 16.75 0
68.15 16.75 0
68.2 16.75 0
68.25 16.75 0
68.3 16.75 0
68.35 16.75 0
68.4 16.75 0
68.45 16.75 0
68.5 16.75 0
68.55 16.75 0
68.6 16.75 0
68.65 16.75 0
68.7 16.75 0
68.75 16.75 0
68.8 16.75 0
68.85 16.75 0
68.9 16.75 0
68.95 16.75 0
69 16.75 0
69.05 16.75 0
69.1 16.75 0
69.15 16.75 0
69.2 16.75 0
69.25 16.75 0
69.3 16.75 0
69.35 16.75 0
69.4 16.75 0
69.45 16.75 0
69.5 16.75 0
69.55 16.75 0
69.6 16.75 0
69.65 16.75 0
69.7 16.75 0
69.75 16.75 0
69.8 16.75 0
69.85 16.8 0
69.9 16.8 0
69.95 16.8 0
70 16.8 0
70.05 16.8 0
70.1 16.8 0
70.15 16.8 0
70.2 16.8 0
70.25 16.8 0
70.3 16.8 0
70.35 16.8 0
70.4 16.8 0
70.45 16.8 0
70.5 16.8 0
70.55 16.8 0
70.6 16.8 0
70.65 16.8 0
70.7 16.8 0
70.75 16.8 0
70.8 16.8 0
70.85 16.8 0
70.9 16.8 0
70.95 16.8 0
71 16.8 0
71.05 16.8 0
71.1 16.8 0
71.15 16.8 0
71.2 16.8 0
71.25 16.8 0
71.3 16.8 0
71.35 16.8 0
71.4 16.8 0
71.45 16.8 0
71.5 16.8 0
71.55 16.8 0
71.6 16.8 0
71.65 16.8 0
71.7 16.8 0
71.75 16.8 0
71.8 16.8 0
71.85 16.8 0
71.9 16.8 0
71.95 16.8 0
72 16.8 0
72.05 16.8 0
72.1 16.8 0
72.15 16.8 0
72.2 16.8 0
72.25 16.8 0
72.3 16.8 0
72.35 16.8 0
72.4 16.8 0
72.45 16.8 0
72.5 16.8 0
72.55 16.8 0
72.6 16.8 0
72.65 16.8 0
72.7 16.8 0
72.75 16.8 0
72.8 16.8 0
72.85 16.8 0
72.9 16.8 0
72.95 16.8 0
73 16.8 0
73.05 16.8 0
73.1 16.8 0
73.15 16.8 0
73.2 16.8 0
73.25 16.8 0
73.3 16.8 0
73.35 16.8 0
73.4 16.8 0
73.45 16.8 0
73.5 16.8 0
73.55 16.8 0
73.6 16.8 0
73.65 16.8 0
73.7 16.8 0
73.75 16.8 0
73.8 16.8 0
73.85 16.8 0
73.9 16.8 0
73.95 16.8 0
74 16.8 0
74.05 16.8 0
74.1 16.8 0
74.15 16.8 0
74.2 16.8 0
74.25 16.8 0
74.3 16.8 0
74.35 16.8 0
74.4 16.8 0
74.45 16.8 0
74.5 16.8 0
74.55 16.8 0
74.6 16.8 0
74.65 16.8 0
74.7 16.8 0
74.75 16.85 0
74.8 16.9 0
74.85 16.95 0
74.9 17 0
74.95 17.05 0
75 17.1 0
75.05 17.15 0
75.1 17.2 0
75.15 17.25 0
75.2 17.3 0
75.25 17.35 0
75.3 17.4 0
75.35 17.45 0
75.4 17.5 0
75.45 17.55 0
75.5 17.6 0
75.55 17.65 0
75.6 17.7 0
75.65 17.7 0
75.7 17.7 0
75.75 17.7 0
75.8 17.7 0
75.85 17.7 0
75.9 17.7 0
75.95 17.7 0
76 17.7 0
76.05 17.7 0
76.1 17.7 0
76.15 17.7 0
76.2 17.7 0
76.25 17.75 0
76.3 17.75 0
76.35 17.75 0
76.4 17.8 0
76.45 17.85 0
76.5 17.85 0
76.55 17.85 0
76.6 17.85 0
76.65 17.85 0
76.7 17.85 0
76.75 17.85 0
76.8 17.85 0
76.85 17.85 0
76.9 17.85 0
76.95 17.85 0
77 17.85 0
77.05 17.85 0
77.1 17.85 0
77.15 17.85 0
77.2 17.85 0
77.25 17.85 0
77.3 17.85 0
77.35 17.85 0
77.4 17.85 0
77.45 17.85 0
77.5 17.85 0
77.55 17.85 0
77.6 17.85 0
77.65 17.85 0
77.7 17.85 0
77.75 17.85 0
77.8 17.85 0
77.85 17.85 0
77.9 17.85 0
77.95 17.85 0
78 17.85 0
78.05 17.85 0
78.1 17.85 0
78.15 17.85 0
78.2 17.85 0
78.25 17.85 0
78.3 17.85 0
78.35 17.85 0
78.4 17.85 0
78.45 17.85 0
78.5 17.85 0
78.55 17.9 0
78.6 17.95 0
78.65 18 0
78.7 18.05 0
78.75 18.1 0
78.8 18.15 0
78.85 18.2 0
78.9 18.25 0
78.95 18.3 0
79 18.35 0
79.05 18.4 0
79.1 18.45 0
79.15 18.5 0
79.2 18.55 0
79.25 18.6 0
79.3 18.65 0
79.35 18.7 0
79.4 18.75 0
79.45 18.8 0
PATH 2 556
54.75 9.5 0
54.7 9.5 0
54.65 9.5 0
54.6 9.5 0
54.55 9.5 0
54.5 9.5 0
54.45 9.5 0
54.4 9.55 0
54.35 9.55 0
54.3 9.6 0
54.3 9.6 2
54.25 9.65 2
54.2 9.7 2
54.15 9.75 2
54.1 9.8 2
54.05 9.8 2
54 9.8 2
53.95 9.8 2
53.95 9.85 2
53.95 9.9 2
53.95 9.95 2
53.95 10 2
53.95 10.05 2
53.95 10.1 2
53.95 10.15 2
53.95 10.2 2
53.95 10.25 2
53.95 10.3 2
53.95 10.35 2
53.95 10.4 2
53.95 10.45 2
53.95 10.5 2
53.95 10.55 2
53.95 10.6 2
53.95 10.65 2
53.95 10.7 2
53.95 10.75 2
53.95 10.8 2
53.95 10.85 2
53.95 10.9 2
53.95 10.95 2
53.95 11 2
53.95 11.05 2
53.95 11.1 2
54 11.1 2
54.05 11.1 2
54.1 11.1 2
54.15 11.1 2
54.2 11.1 2
54.25 11.1 2
54.3 11.1 2
54.35 11.1 2
54.4 11.1 2
54.45 11.1 2
54.5 11.1 2
54.55 11.1 2
54.6 11.1 2
54.65 11.1 2
54.7 11.1 2
54.75 11.1 2
54.8 11.15 2
54.85 11.15 2
54.9 11.15 2
54.95 11.15 2
55 11.15 2
55.05 11.15 2
55.1 11.15 2
55.15 11.15 2
55.2 11.15 2
55.25 11.15 2
55.3 11.15 2
55.35 11.15 2
55.4 11.15 2
55.45 11.15 2
55.5 11.15 2
55.55 11.15 2
55.6 11.15 2
55.65 11.15 2
55.7 11.15 2
55.75 11.15 2
55.8 11.15 2
55.85 11.15 2
55.9 11.15 2
55.95 11.15 2
56 11.15 2
56.05 11.15 2
56.1 11.15 2
56.15 11.15 2
56.2 11.15 2
56.25 11.15 2
56.3 11.15 2
56.35 11.15 2
56.4 11.15 2
56.45 11.15 2
56.5 11.15 2
56.55 11.15 2
56.6 11.15 2
56.65 11.15 2
56.7 11.15 2
56.75 11.15 2
56.8 11.15 2
56.85 11.15 2
56.9 11.15 2
56.95 11.15 2
57 11.15 2
57.05 11.15 2
57.1 11.15 2
57.15 11.15 2
57.2 11.15 2
57.25 11.15 2
57.3 11.15 2
57.35 11.15 2
57.4 11.15 2
57.45 11.15 2
57.5 11.15 2
57.55 11.15 2
57.6 11.15 2
57.65 11.15 2
57.7 11.15 2
57.75 11.15 2
57.8 11.15 2
57.85 11.15 2
57.9 11.15 2
57.95 11.15 2
58 11.15 2
58.05 11.15 2
58.1 11.15 2
58.15 11.15 2
58.2 11.15 2
58.25 11.15 2
58.3 11.15 2
58.35 11.15 2
58.4 11.15 2
58.45 11.15 2
58.5 11.15 2
58.55 11.15 2
58.6 11.15 2
58.65 11.15 2
58.7 11.15 2
58.75 11.15 2
58.8 11.15 2
58.85 11.15 2
58.9 11.15 2
58.95 11.15 2
59 11.15 2
59.05 11.15 2
59.1 11.15 2
59.15 11.15 2
59.2 11.15 2
59.25 11.15 2
59.3 11.15 2
59.35 11.15 2
59.4 11.15 2
59.45 11.15 2
59.5 11.15 2
59.55 11.15 2
59.6 11.15 2
59.65 11.15 2
59.7 11.2 2
59.75 11.25 2
59.8 11.3 2
59.85 11.35 2
59.9 11.4 2
59.95 11.45 2
60 11.5 2
60.05 11.55 2
60.1 11.6 2
60.15 11.65 2
60.2 11.65 2
60.25 11.65 2
60.3 11.65 2
60.35 11.65 2
60.4 11.65 2
60.45 11.65 2
60.5 11.7 2
60.55 11.75 2
60.6 11.8 2
60.65 11.85 2
60.65 11.85 1
60.7 11.85 1
60.75 11.85 1
60.8 11.85 1
60.85 11.9 1
60.9 11.95 1
60.95 11.95 1
61 12 1
61.05 12 1
61.1 12 1
61.15 12 1
61.2 12 1
61.25 12.05 1
61.3 12.1 1
61.35 12.15 1
61.4 12.15 1
61.45 12.2 1
61.5 12.25 1
61.55 12.3 1
61.6 12.3 1
61.65 12.3 1
61.7 12.3 1
61.75 12.3 1
61.8 12.35 1
61.85 12.4 1
61.9 12.45 1
61.95 12.5 1
62 12.55 1
62.05 12.6 1
62.1 12.6 1
62.15 12.65 1
62.2 12.65 1
62.25 12.65 1
62.3 12.65 1
62.35 12.65 1
62.4 12.65 1
62.45 12.7 1
62.5 12.7 1
62.55 12.75 1
62.6 12.8 1
62.65 12.8 1
62.7 12.85 1
62.75 12.9 1
62.8 12.95 1
62.85 13 1
62.9 13.05 1
62.95 13.1 1
63 13.15 1
63.05 13.15 1
63.1 13.15 1
63.15 13.15 1
63.2 13.15 1
63.25 13.15 1
63.3 13.2 1
63.35 13.2 1
63.4 13.2 1
63.45 13.2 1
63.5 13.2 1
63.55 13.2 1
63.6 13.25 1
63.65 13.25 1
63.7 13.3 1
63.75 13.35 1
63.8 13.4 1
63.85 13.4 1
63.9 13.45 1
63.95 13.5 1
64 13.55 1
64.05 13.6 1
64.1 13.65 1
64.15 13.65 1
64.2 13.7 1
64.25 13.75 1
64.3 13.8 1
64.35 13.8 1
64.4 13.8 1
64.45 13.85 1
64.5 13.85 1
64.55 13.9 1
64.6 13.95 1
64.65 14 1
64.7 14.05 1
64.75 14.1 1
64.8 14.15 1
64.85 14.2 1
64.9 14.25 1
64.95 14.3 1
65 14.35 1
65.05 14.4 1
65.1 14.45 1
65.15 14.5 1
65.2 14.5 1
65.25 14.5 1
65.3 14.5 1
65.35 14.5 1
65.4 14.5 1
65.45 14.5 1
65.5 14.55 1
65.55 14.6 1
65.6 14.65 1
65.65 14.7 1
65.7 14.75 1
65.75 14.8 1
65.8 14.8 1
65.85 14.8 1
65.9 14.8 1
65.95 14.85 1
66 14.9 1
66.05 14.95 1
66.1 15 1
66.15 15 1
66.2 15.05 1
66.25 15.1 1
66.3 15.15 1
66.35 15.2 1
66.4 15.25 1
66.45 15.3 1
66.5 15.35 1
66.55 15.4 1
66.55 15.4 0
66.6 15.45 0
66.65 15.5 0
66.7 15.55 0
66.75 15.6 0
66.8 15.6 0
66.85 15.6 0
66.9 15.65 0
66.95 15.7 0
67 15.75 0
67.05 15.8 0
67.1 15.85 0
67.15 15.9 0
67.2 15.95 0
67.25 16 0
67.3 16.05 0
67.35 16.05 0
67.4 16.1 0
67.45 16.15 0
67.5 16.15 0
67.55 16.15 0
67.6 16.15 0
67.65 16.15 0
67.7 16.15 0
67.75 16.15 0
67.8 16.15 0
67.85 16.15 0
67.9 16.2 0
67.95 16.2 0
68 16.25 0
68.05 16.3 0
68.1 16.35 0
68.15 16.4 0
68.2 16.45 0
68.25 16.5 0
68.3 16.5 0
68.35 16.5 0
68.4 16.5 0
68.45 16.5 0
68.5 16.5 0
68.55 16.5 0
68.6 16.5 0
68.65 16.5 0
68.7 16.5 0
68.75 16.5 0
68.8 16.5 0
68.85 16.5 0
68.9 16.5 0
68.95 16.5 0
69 16.5 0
69.05 16.55 0
69.1 16.6 0
69.15 16.65 0
69.2 16.7 0
69.25 16.75 0
69.3 16.8 0
69.35 16.8 0
69.4 16.8 0
69.45 16.8 0
69.5 16.8 0
69.55 16.8 0
69.6 16.8 0
69.65 16.8 0
69.7 16.85 0
69.75 16.85 0
69.8 16.9 0
69.85 16.95 0
69.9 16.95 0
69.95 17 0
70 17 0
70.05 17.05 0
70.1 17.1 0
70.15 17.15 0
70.2 17.2 0
70.25 17.25 0
70.3 17.25 0
70.35 17.25 0
70.4 17.25 0
70.45 17.25 0
70.5 17.3 0
70.55 17.3 0
70.6 17.35 0
70.65 17.35 0
70.7 17.35 0
70.75 17.4 0
70.8 17.4 0
70.85 17.4 0
70.9 17.4 0
70.95 17.4 0
71 17.4 0
71.05 17.4 0
71.1 17.4 0
71.15 17.4 0
71.2 17.4 0
71.25 17.4 0
71.3 17.45 0
71.35 17.5 0
71.4 17.5 0
71.45 17.5 0
71.5 17.5 0
71.55 17.5 0
71.6 17.5 0
71.65 17.5 0
71.7 17.5 0
71.75 17.5 0
71.8 17.5 0
71.85 17.5 0
71.9 17.5 0
71.95 17.5 0
72 17.5 0
72.05 17.5 0
72.1 17.5 0
72.15 17.5 0
72.2 17.5 0
72.25 17.5 0
72.3 17.5 0
72.35 17.5 0
72.4 17.5 0
72.45 17.5 0
72.5 17.5 0
72.55 17.5 0
72.6 17.5 0
72.65 17.5 0
72.7 17.5 0
72.75 17.5 0
72.8 17.5 0
72.85 17.5 0
72.9 17.5 0
72.95 17.5 0
73 17.5 0
73.05 17.5 0
73.1 17.5 0
73.15 17.5 0
73.2 17.5 0
73.25 17.5 0
73.3 17.5 0
73.35 17.5 0
73.4 17.5 0
73.45 17.5 0
73.5 17.5 0
73.55 17.5 0
73.6 17.5 0
73.65 17.5 0
73.7 17.5 0
73.75 17.5 0
73.8 17.5 0
73.85 17.5 0
73.9 17.5 0
73.95 17.5 0
74 17.5 0
74.05 17.5 0
74.1 17.5 0
74.15 17.5 0
74.2 17.5 0
74.25 17.5 0
74.3 17.5 0
74.35 17.5 0
74.4 17.5 0
74.45 17.5 0
74.5 17.5 0
74.55 17.5 0
74.6 17.5 0
74.65 17.5 0
74.7 17.5 0
74.75 17.5 0
74.8 17.5 0
74.85 17.5 0
74.9 17.5 0
74.95 17.5 0
75 17.5 0
75.05 17.5 0
75.1 17.5 0
75.15 17.5 0
75.2 17.5 0
75.25 17.5 0
75.3 17.5 0
75.35 17.5 0
75.4 17.55 0
75.45 17.6 0
75.5 17.65 0
75.55 17.65 0
75.6 17.7 0
75.65 17.7 0
75.7 17.7 0
75.75 17.7 0
75.8 17.7 0
75.85 17.7 0
75.9 17.7 0
75.95 17.7 0
76 17.7 0
76.05 17.7 0
76.1 17.7 0
76.15 17.7 0
76.2 17.7 0
76.25 17.7 0
76.3 17.7 0
76.35 17.7 0
76.4 17.7 0
76.45 17.7 0
76.5 17.7 0
76.55 17.7 0
76.6 17.7 0
76.65 17.7 0
76.7 17.7 0
76.75 17.7 0
76.8 17.7 0
76.85 17.7 0
76.9 17.7 0
76.95 17.7 0
77 17.7 0
77.05 17.75 0
77.1 17.8 0
77.15 17.8 0
77.2 17.8 0
77.25 17.8 0
77.3 17.8 0
77.35 17.8 0
77.4 17.85 0
77.45 17.9 0
77.5 17.9 0
77.55 17.9 0
77.6 17.9 0
77.65 17.9 0
77.7 17.9 0
77.75 17.9 0
77.8 17.9 0
77.85 17.9 0
77.9 17.9 0
77.95 17.9 0
78 17.9 0
78.05 17.9 0
78.1 17.9 0
78.15 17.9 0
78.2 17.9 0
78.25 17.9 0
78.3 17.9 0
78.35 17.9 0
78.4 17.9 0
78.45 17.9 0
78.5 17.9 0
78.55 17.9 0
78.6 17.95 0
78.65 18 0
78.7 18.05 0
78.75 18.1 0
78.8 18.15 0
78.85 18.2 0
78.9 18.25 0
78.95 18.3 0
79 18.35 0
79.05 18.4 0
79.1 18.45 0
79.15 18.5 0
79.2 18.55 0
79.25 18.6 0
79.3 18.65 0
79.35 18.7 0
79.4 18.75 0
79.45 18.8 0
